1.549700440000000071e+03
1.549700690000000122e+03
1.549700940000000173e+03
1.549701190000000224e+03
1.549701440000000275e+03
1.549701690000000326e+03
1.549701940000000377e+03
1.549702190000000428e+03
1.549702440000000479e+03
1.549702690000000530e+03
1.549702940000000581e+03
1.549703190000000632e+03
1.549703440000000683e+03
1.549703690000000734e+03
1.549703940000000784e+03
1.549704190000000835e+03
1.549704440000000886e+03
1.549704690000000937e+03
1.549704940000000988e+03
1.549705190000001039e+03
1.549705440000001090e+03
1.549705690000001141e+03
1.549705940000001192e+03
1.549706190000001243e+03
1.549706440000001294e+03
1.549706690000001345e+03
1.549706940000001396e+03
1.549707190000001447e+03
1.549707440000001498e+03
1.549707690000001548e+03
1.549707940000001599e+03
1.549708190000001650e+03
1.549708440000001701e+03
1.549708690000001752e+03
1.549708940000001803e+03
1.549709190000001854e+03
1.549709440000001905e+03
1.549709690000001956e+03
1.549709940000002007e+03
1.549710190000002058e+03
1.549710440000002109e+03
1.549710690000002160e+03
1.549710940000002211e+03
1.549711190000002262e+03
1.549711440000002312e+03
1.549711690000002363e+03
1.549711940000002414e+03
1.549712190000002465e+03
1.549712440000002516e+03
1.549712690000002567e+03
1.549712940000002618e+03
1.549713190000002669e+03
1.549713440000002720e+03
1.549713690000002771e+03
1.549713940000002822e+03
1.549714190000002873e+03
1.549714440000002924e+03
1.549714690000002975e+03
1.549714940000003025e+03
1.549715190000003076e+03
1.549715440000003127e+03
1.549715690000003178e+03
1.549715940000003229e+03
1.549716190000003280e+03
1.549716440000003331e+03
1.549716690000003382e+03
1.549716940000003433e+03
1.549717190000003484e+03
1.549717440000003535e+03
1.549717690000003586e+03
1.549717940000003637e+03
1.549718190000003688e+03
1.549718440000003739e+03
1.549718690000003789e+03
1.549718940000003840e+03
1.549719190000003891e+03
1.549719440000003942e+03
1.549719690000003993e+03
1.549719940000004044e+03
1.549720190000004095e+03
1.549720440000004146e+03
1.549720690000004197e+03
1.549720940000004248e+03
1.549721190000004299e+03
1.549721440000004350e+03
1.549721690000004401e+03
1.549721940000004452e+03
1.549722190000004503e+03
1.549722440000004553e+03
1.549722690000004604e+03
1.549722940000004655e+03
1.549723190000004706e+03
1.549723440000004757e+03
1.549723690000004808e+03
1.549723940000004859e+03
1.549724190000004910e+03
1.549724440000004961e+03
1.549724690000005012e+03
1.549724940000005063e+03
1.549725190000005114e+03
1.549725440000005165e+03
1.549725690000005216e+03
1.549725940000005266e+03
1.549726190000005317e+03
1.549726440000005368e+03
1.549726690000005419e+03
1.549726940000005470e+03
1.549727190000005521e+03
1.549727440000005572e+03
1.549727690000005623e+03
1.549727940000005674e+03
1.549728190000005725e+03
1.549728440000005776e+03
1.549728690000005827e+03
1.549728940000005878e+03
1.549729190000005929e+03
1.549729440000005980e+03
1.549729690000006030e+03
1.549729940000006081e+03
1.549730190000006132e+03
1.549730440000006183e+03
1.549730690000006234e+03
1.549730940000006285e+03
1.549731190000006336e+03
1.549731440000006387e+03
1.549731690000006438e+03
1.549731940000006489e+03
1.549732190000006540e+03
1.549732440000006591e+03
1.549732690000006642e+03
1.549732940000006693e+03
1.549733190000006744e+03
1.549733440000006794e+03
1.549733690000006845e+03
1.549733940000006896e+03
1.549734190000006947e+03
1.549734440000006998e+03
1.549734690000007049e+03
1.549734940000007100e+03
1.549735190000007151e+03
1.549735440000007202e+03
1.549735690000007253e+03
1.549735940000007304e+03
1.549736190000007355e+03
1.549736440000007406e+03
1.549736690000007457e+03
1.549736940000007507e+03
1.549737190000007558e+03
1.549737440000007609e+03
1.549737690000007660e+03
1.549737940000007711e+03
1.549738190000007762e+03
1.549738440000007813e+03
1.549738690000007864e+03
1.549738940000007915e+03
1.549739190000007966e+03
1.549739440000008017e+03
1.549739690000008068e+03
1.549739940000008119e+03
1.549740190000008170e+03
1.549740440000008221e+03
1.549740690000008271e+03
1.549740940000008322e+03
1.549741190000008373e+03
1.549741440000008424e+03
1.549741690000008475e+03
1.549741940000008526e+03
1.549742190000008577e+03
1.549742440000008628e+03
1.549742690000008679e+03
1.549742940000008730e+03
1.549743190000008781e+03
1.549743440000008832e+03
1.549743690000008883e+03
1.549743940000008934e+03
1.549744190000008984e+03
1.549744440000009035e+03
1.549744690000009086e+03
1.549744940000009137e+03
1.549745190000009188e+03
1.549745440000009239e+03
1.549745690000009290e+03
1.549745940000009341e+03
1.549746190000009392e+03
1.549746440000009443e+03
1.549746690000009494e+03
1.549746940000009545e+03
1.549747190000009596e+03
1.549747440000009647e+03
1.549747690000009698e+03
1.549747940000009748e+03
1.549748190000009799e+03
1.549748440000009850e+03
1.549748690000009901e+03
1.549748940000009952e+03
1.549749190000010003e+03
1.549749440000010054e+03
1.549749690000010105e+03
1.549749940000010156e+03
1.549750190000010207e+03
1.549750440000010258e+03
1.549750690000010309e+03
1.549750940000010360e+03
1.549751190000010411e+03
1.549751440000010462e+03
1.549751690000010512e+03
1.549751940000010563e+03
1.549752190000010614e+03
1.549752440000010665e+03
1.549752690000010716e+03
1.549752940000010767e+03
1.549753190000010818e+03
1.549753440000010869e+03
1.549753690000010920e+03
1.549753940000010971e+03
1.549754190000011022e+03
1.549754440000011073e+03
1.549754690000011124e+03
1.549754940000011175e+03
1.549755190000011225e+03
1.549755440000011276e+03
1.549755690000011327e+03
1.549755940000011378e+03
1.549756190000011429e+03
1.549756440000011480e+03
1.549756690000011531e+03
1.549756940000011582e+03
1.549757190000011633e+03
1.549757440000011684e+03
1.549757690000011735e+03
1.549757940000011786e+03
1.549758190000011837e+03
1.549758440000011888e+03
1.549758690000011939e+03
1.549758940000011989e+03
1.549759190000012040e+03
1.549759440000012091e+03
1.549759690000012142e+03
1.549759940000012193e+03
1.549760190000012244e+03
1.549760440000012295e+03
1.549760690000012346e+03
1.549760940000012397e+03
1.549761190000012448e+03
1.549761440000012499e+03
1.549761690000012550e+03
1.549761940000012601e+03
1.549762190000012652e+03
1.549762440000012703e+03
1.549762690000012753e+03
1.549762940000012804e+03
1.549763190000012855e+03
1.549763440000012906e+03
1.549763690000012957e+03
1.549763940000013008e+03
1.549764190000013059e+03
1.549764440000013110e+03
1.549764690000013161e+03
1.549764940000013212e+03
1.549765190000013263e+03
1.549765440000013314e+03
1.549765690000013365e+03
1.549765940000013416e+03
1.549766190000013466e+03
1.549766440000013517e+03
1.549766690000013568e+03
1.549766940000013619e+03
1.549767190000013670e+03
1.549767440000013721e+03
1.549767690000013772e+03
1.549767940000013823e+03
1.549768190000013874e+03
1.549768440000013925e+03
1.549768690000013976e+03
1.549768940000014027e+03
1.549769190000014078e+03
1.549769440000014129e+03
1.549769690000014180e+03
1.549769940000014230e+03
1.549770190000014281e+03
1.549770440000014332e+03
1.549770690000014383e+03
1.549770940000014434e+03
1.549771190000014485e+03
1.549771440000014536e+03
1.549771690000014587e+03
1.549771940000014638e+03
1.549772190000014689e+03
1.549772440000014740e+03
1.549772690000014791e+03
1.549772940000014842e+03
1.549773190000014893e+03
1.549773440000014944e+03
1.549773690000014994e+03
1.549773940000015045e+03
1.549774190000015096e+03
1.549774440000015147e+03
1.549774690000015198e+03
1.549774940000015249e+03
1.549775190000015300e+03
1.549775440000015351e+03
1.549775690000015402e+03
1.549775940000015453e+03
1.549776190000015504e+03
1.549776440000015555e+03
1.549776690000015606e+03
1.549776940000015657e+03
1.549777190000015707e+03
1.549777440000015758e+03
1.549777690000015809e+03
1.549777940000015860e+03
1.549778190000015911e+03
1.549778440000015962e+03
1.549778690000016013e+03
1.549778940000016064e+03
1.549779190000016115e+03
1.549779440000016166e+03
1.549779690000016217e+03
1.549779940000016268e+03
1.549780190000016319e+03
1.549780440000016370e+03
1.549780690000016421e+03
1.549780940000016471e+03
1.549781190000016522e+03
1.549781440000016573e+03
1.549781690000016624e+03
1.549781940000016675e+03
1.549782190000016726e+03
1.549782440000016777e+03
1.549782690000016828e+03
1.549782940000016879e+03
1.549783190000016930e+03
1.549783440000016981e+03
1.549783690000017032e+03
1.549783940000017083e+03
1.549784190000017134e+03
1.549784440000017185e+03
1.549784690000017235e+03
1.549784940000017286e+03
1.549785190000017337e+03
1.549785440000017388e+03
1.549785690000017439e+03
1.549785940000017490e+03
1.549786190000017541e+03
1.549786440000017592e+03
1.549786690000017643e+03
1.549786940000017694e+03
1.549787190000017745e+03
1.549787440000017796e+03
1.549787690000017847e+03
1.549787940000017898e+03
1.549788190000017948e+03
1.549788440000017999e+03
1.549788690000018050e+03
1.549788940000018101e+03
1.549789190000018152e+03
1.549789440000018203e+03
1.549789690000018254e+03
1.549789940000018305e+03
1.549790190000018356e+03
1.549790440000018407e+03
1.549790690000018458e+03
1.549790940000018509e+03
1.549791190000018560e+03
1.549791440000018611e+03
1.549791690000018662e+03
1.549791940000018712e+03
1.549792190000018763e+03
1.549792440000018814e+03
1.549792690000018865e+03
1.549792940000018916e+03
1.549793190000018967e+03
1.549793440000019018e+03
1.549793690000019069e+03
1.549793940000019120e+03
1.549794190000019171e+03
1.549794440000019222e+03
1.549794690000019273e+03
1.549794940000019324e+03
1.549795190000019375e+03
1.549795440000019425e+03
1.549795690000019476e+03
1.549795940000019527e+03
1.549796190000019578e+03
1.549796440000019629e+03
1.549796690000019680e+03
1.549796940000019731e+03
1.549797190000019782e+03
1.549797440000019833e+03
1.549797690000019884e+03
1.549797940000019935e+03
1.549798190000019986e+03
1.549798440000020037e+03
1.549798690000020088e+03
1.549798940000020139e+03
1.549799190000020189e+03
1.549799440000020240e+03
1.549799690000020291e+03
1.549799940000020342e+03
1.549800190000020393e+03
1.549800440000020444e+03
1.549800690000020495e+03
1.549800940000020546e+03
1.549801190000020597e+03
1.549801440000020648e+03
1.549801690000020699e+03
1.549801940000020750e+03
1.549802190000020801e+03
1.549802440000020852e+03
1.549802690000020903e+03
1.549802940000020953e+03
1.549803190000021004e+03
1.549803440000021055e+03
1.549803690000021106e+03
1.549803940000021157e+03
1.549804190000021208e+03
1.549804440000021259e+03
1.549804690000021310e+03
1.549804940000021361e+03
1.549805190000021412e+03
1.549805440000021463e+03
1.549805690000021514e+03
1.549805940000021565e+03
1.549806190000021616e+03
1.549806440000021666e+03
1.549806690000021717e+03
1.549806940000021768e+03
1.549807190000021819e+03
1.549807440000021870e+03
1.549807690000021921e+03
1.549807940000021972e+03
1.549808190000022023e+03
1.549808440000022074e+03
1.549808690000022125e+03
1.549808940000022176e+03
1.549809190000022227e+03
1.549809440000022278e+03
1.549809690000022329e+03
1.549809940000022380e+03
1.549810190000022430e+03
1.549810440000022481e+03
1.549810690000022532e+03
1.549810940000022583e+03
1.549811190000022634e+03
1.549811440000022685e+03
1.549811690000022736e+03
1.549811940000022787e+03
1.549812190000022838e+03
1.549812440000022889e+03
1.549812690000022940e+03
1.549812940000022991e+03
1.549813190000023042e+03
1.549813440000023093e+03
1.549813690000023144e+03
1.549813940000023194e+03
1.549814190000023245e+03
1.549814440000023296e+03
1.549814690000023347e+03
1.549814940000023398e+03
1.549815190000023449e+03
1.549815440000023500e+03
1.549815690000023551e+03
1.549815940000023602e+03
1.549816190000023653e+03
1.549816440000023704e+03
1.549816690000023755e+03
1.549816940000023806e+03
1.549817190000023857e+03
1.549817440000023907e+03
1.549817690000023958e+03
1.549817940000024009e+03
1.549818190000024060e+03
1.549818440000024111e+03
1.549818690000024162e+03
1.549818940000024213e+03
1.549819190000024264e+03
1.549819440000024315e+03
1.549819690000024366e+03
1.549819940000024417e+03
1.549820190000024468e+03
1.549820440000024519e+03
1.549820690000024570e+03
1.549820940000024621e+03
1.549821190000024671e+03
1.549821440000024722e+03
1.549821690000024773e+03
1.549821940000024824e+03
1.549822190000024875e+03
1.549822440000024926e+03
1.549822690000024977e+03
1.549822940000025028e+03
1.549823190000025079e+03
1.549823440000025130e+03
1.549823690000025181e+03
1.549823940000025232e+03
1.549824190000025283e+03
1.549824440000025334e+03
1.549824690000025385e+03
1.549824940000025435e+03
1.549825190000025486e+03
1.549825440000025537e+03
1.549825690000025588e+03
1.549825940000025639e+03
1.549826190000025690e+03
1.549826440000025741e+03
1.549826690000025792e+03
1.549826940000025843e+03
1.549827190000025894e+03
1.549827440000025945e+03
1.549827690000025996e+03
1.549827940000026047e+03
1.549828190000026098e+03
1.549828440000026148e+03
1.549828690000026199e+03
1.549828940000026250e+03
1.549829190000026301e+03
1.549829440000026352e+03
1.549829690000026403e+03
1.549829940000026454e+03
1.549830190000026505e+03
1.549830440000026556e+03
1.549830690000026607e+03
1.549830940000026658e+03
1.549831190000026709e+03
1.549831440000026760e+03
1.549831690000026811e+03
1.549831940000026862e+03
1.549832190000026912e+03
1.549832440000026963e+03
1.549832690000027014e+03
1.549832940000027065e+03
1.549833190000027116e+03
1.549833440000027167e+03
1.549833690000027218e+03
1.549833940000027269e+03
1.549834190000027320e+03
1.549834440000027371e+03
1.549834690000027422e+03
1.549834940000027473e+03
1.549835190000027524e+03
1.549835440000027575e+03
1.549835690000027626e+03
1.549835940000027676e+03
1.549836190000027727e+03
1.549836440000027778e+03
1.549836690000027829e+03
1.549836940000027880e+03
1.549837190000027931e+03
1.549837440000027982e+03
1.549837690000028033e+03
1.549837940000028084e+03
1.549838190000028135e+03
1.549838440000028186e+03
1.549838690000028237e+03
1.549838940000028288e+03
1.549839190000028339e+03
1.549839440000028389e+03
1.549839690000028440e+03
1.549839940000028491e+03
1.549840190000028542e+03
1.549840440000028593e+03
1.549840690000028644e+03
1.549840940000028695e+03
1.549841190000028746e+03
1.549841440000028797e+03
1.549841690000028848e+03
1.549841940000028899e+03
1.549842190000028950e+03
1.549842440000029001e+03
1.549842690000029052e+03
1.549842940000029103e+03
1.549843190000029153e+03
1.549843440000029204e+03
1.549843690000029255e+03
1.549843940000029306e+03
1.549844190000029357e+03
1.549844440000029408e+03
1.549844690000029459e+03
1.549844940000029510e+03
1.549845190000029561e+03
1.549845440000029612e+03
1.549845690000029663e+03
1.549845940000029714e+03
1.549846190000029765e+03
1.549846440000029816e+03
1.549846690000029866e+03
1.549846940000029917e+03
1.549847190000029968e+03
1.549847440000030019e+03
1.549847690000030070e+03
1.549847940000030121e+03
1.549848190000030172e+03
1.549848440000030223e+03
1.549848690000030274e+03
1.549848940000030325e+03
1.549849190000030376e+03
1.549849440000030427e+03
1.549849690000030478e+03
1.549849940000030529e+03
1.549850190000030580e+03
1.549850440000030630e+03
1.549850690000030681e+03
1.549850940000030732e+03
1.549851190000030783e+03
1.549851440000030834e+03
1.549851690000030885e+03
1.549851940000030936e+03
1.549852190000030987e+03
1.549852440000031038e+03
1.549852690000031089e+03
1.549852940000031140e+03
1.549853190000031191e+03
1.549853440000031242e+03
1.549853690000031293e+03
1.549853940000031344e+03
1.549854190000031394e+03
1.549854440000031445e+03
1.549854690000031496e+03
1.549854940000031547e+03
1.549855190000031598e+03
1.549855440000031649e+03
1.549855690000031700e+03
1.549855940000031751e+03
1.549856190000031802e+03
1.549856440000031853e+03
1.549856690000031904e+03
1.549856940000031955e+03
1.549857190000032006e+03
1.549857440000032057e+03
1.549857690000032107e+03
1.549857940000032158e+03
1.549858190000032209e+03
1.549858440000032260e+03
1.549858690000032311e+03
1.549858940000032362e+03
1.549859190000032413e+03
1.549859440000032464e+03
1.549859690000032515e+03
1.549859940000032566e+03
1.549860190000032617e+03
1.549860440000032668e+03
1.549860690000032719e+03
1.549860940000032770e+03
1.549861190000032821e+03
1.549861440000032871e+03
1.549861690000032922e+03
1.549861940000032973e+03
1.549862190000033024e+03
1.549862440000033075e+03
1.549862690000033126e+03
1.549862940000033177e+03
1.549863190000033228e+03
1.549863440000033279e+03
1.549863690000033330e+03
1.549863940000033381e+03
1.549864190000033432e+03
1.549864440000033483e+03
1.549864690000033534e+03
1.549864940000033585e+03
1.549865190000033635e+03
1.549865440000033686e+03
1.549865690000033737e+03
1.549865940000033788e+03
1.549866190000033839e+03
1.549866440000033890e+03
1.549866690000033941e+03
1.549866940000033992e+03
1.549867190000034043e+03
1.549867440000034094e+03
1.549867690000034145e+03
1.549867940000034196e+03
1.549868190000034247e+03
1.549868440000034298e+03
1.549868690000034348e+03
1.549868940000034399e+03
1.549869190000034450e+03
1.549869440000034501e+03
1.549869690000034552e+03
1.549869940000034603e+03
1.549870190000034654e+03
1.549870440000034705e+03
1.549870690000034756e+03
1.549870940000034807e+03
1.549871190000034858e+03
1.549871440000034909e+03
1.549871690000034960e+03
1.549871940000035011e+03
1.549872190000035062e+03
1.549872440000035112e+03
1.549872690000035163e+03
1.549872940000035214e+03
1.549873190000035265e+03
1.549873440000035316e+03
1.549873690000035367e+03
1.549873940000035418e+03
1.549874190000035469e+03
1.549874440000035520e+03
1.549874690000035571e+03
1.549874940000035622e+03
1.549875190000035673e+03
1.549875440000035724e+03
1.549875690000035775e+03
1.549875940000035826e+03
1.549876190000035876e+03
1.549876440000035927e+03
1.549876690000035978e+03
1.549876940000036029e+03
1.549877190000036080e+03
1.549877440000036131e+03
1.549877690000036182e+03
1.549877940000036233e+03
1.549878190000036284e+03
1.549878440000036335e+03
1.549878690000036386e+03
1.549878940000036437e+03
1.549879190000036488e+03
1.549879440000036539e+03
1.549879690000036589e+03
1.549879940000036640e+03
1.549880190000036691e+03
1.549880440000036742e+03
1.549880690000036793e+03
1.549880940000036844e+03
1.549881190000036895e+03
1.549881440000036946e+03
1.549881690000036997e+03
1.549881940000037048e+03
1.549882190000037099e+03
1.549882440000037150e+03
1.549882690000037201e+03
1.549882940000037252e+03
1.549883190000037303e+03
1.549883440000037353e+03
1.549883690000037404e+03
1.549883940000037455e+03
1.549884190000037506e+03
1.549884440000037557e+03
1.549884690000037608e+03
1.549884940000037659e+03
1.549885190000037710e+03
1.549885440000037761e+03
1.549885690000037812e+03
1.549885940000037863e+03
1.549886190000037914e+03
1.549886440000037965e+03
1.549886690000038016e+03
1.549886940000038067e+03
1.549887190000038117e+03
1.549887440000038168e+03
1.549887690000038219e+03
1.549887940000038270e+03
1.549888190000038321e+03
1.549888440000038372e+03
1.549888690000038423e+03
1.549888940000038474e+03
1.549889190000038525e+03
1.549889440000038576e+03
1.549889690000038627e+03
1.549889940000038678e+03
1.549890190000038729e+03
1.549890440000038780e+03
1.549890690000038830e+03
1.549890940000038881e+03
1.549891190000038932e+03
1.549891440000038983e+03
1.549891690000039034e+03
1.549891940000039085e+03
1.549892190000039136e+03
1.549892440000039187e+03
1.549892690000039238e+03
1.549892940000039289e+03
1.549893190000039340e+03
1.549893440000039391e+03
1.549893690000039442e+03
1.549893940000039493e+03
1.549894190000039544e+03
1.549894440000039594e+03
1.549894690000039645e+03
1.549894940000039696e+03
1.549895190000039747e+03
1.549895440000039798e+03
1.549895690000039849e+03
1.549895940000039900e+03
1.549896190000039951e+03
1.549896440000040002e+03
1.549896690000040053e+03
1.549896940000040104e+03
1.549897190000040155e+03
1.549897440000040206e+03
1.549897690000040257e+03
1.549897940000040307e+03
1.549898190000040358e+03
1.549898440000040409e+03
1.549898690000040460e+03
1.549898940000040511e+03
1.549899190000040562e+03
1.549899440000040613e+03
1.549899690000040664e+03
1.549899940000040715e+03
