0.000000000000000000e+00 1.551529910000104110e+03 2.500000000509317033e-04
5.000000000000000000e+01 1.551523910000102887e+03 6.000000001222360879e-03
1.000000000000000000e+02 1.551522410000102582e+03 8.300000001690932550e-02
1.500000000000000000e+02 1.551520910000102276e+03 3.300000000672298484e-02
2.000000000000000000e+02 1.551520660000102225e+03 2.700000000550062396e-02
2.500000000000000000e+02 1.551519910000102072e+03 1.000000000203726813e-03
3.000000000000000000e+02 1.551519660000102022e+03 3.000000000611180440e-03
3.500000000000000000e+02 1.551518160000101716e+03 5.700000001161242835e-02
4.000000000000000000e+02 nan nan
4.500000000000000000e+02 1.551519660000102022e+03 8.125000001655280357e-02
5.000000000000000000e+02 1.551518910000101869e+03 1.725000000351428753e-02
5.500000000000000000e+02 1.551518410000101767e+03 3.750000000763975549e-03
6.000000000000000000e+02 1.551518160000101716e+03 6.500000001324224286e-03
6.500000000000000000e+02 1.551518160000101716e+03 7.500000001527951099e-04
7.000000000000000000e+02 nan nan
7.500000000000000000e+02 nan nan
8.000000000000000000e+02 1.551534660000105077e+03 8.500000001731677912e-03
8.500000000000000000e+02 1.551535910000105332e+03 2.500000000509317033e-03
9.000000000000000000e+02 1.551535160000105179e+03 4.875000000993168214e-02
9.500000000000000000e+02 1.551526410000103397e+03 2.500000000509317033e-02
1.000000000000000000e+03 1.551523410000102785e+03 1.725000000351428753e-02
1.050000000000000000e+03 1.551516660000101410e+03 1.025000000208819984e-02
1.100000000000000000e+03 1.551510910000100239e+03 3.500000000713043846e-03
1.150000000000000000e+03 1.551510410000100137e+03 2.200000000448198989e-02
1.200000000000000000e+03 1.551505910000099220e+03 3.175000000646832632e-02
1.250000000000000000e+03 1.551503660000098762e+03 3.500000000713043846e-03
1.300000000000000000e+03 1.551501910000098405e+03 1.450000000295403879e-02
1.350000000000000000e+03 1.551500410000098100e+03 3.975000000809814082e-02
1.400000000000000000e+03 nan nan
1.450000000000000000e+03 1.551496410000097285e+03 6.175000001258013071e-02
1.500000000000000000e+03 1.551496160000097234e+03 1.500000000305590220e-03
1.550000000000000000e+03 1.551494910000096979e+03 9.750000001986336429e-03
1.600000000000000000e+03 1.551493410000096674e+03 4.375000000891304808e-02
1.650000000000000000e+03 nan nan
1.700000000000000000e+03 nan nan
1.750000000000000000e+03 1.551489410000095859e+03 2.300000000468571670e-02
1.800000000000000000e+03 1.551488660000095706e+03 4.825000000982981874e-02
1.850000000000000000e+03 1.551486910000095349e+03 5.250000001069565769e-03
1.900000000000000000e+03 1.551486910000095349e+03 2.000000000407453626e-03
1.950000000000000000e+03 1.551484910000094942e+03 9.750000001986336429e-03
2.000000000000000000e+03 1.551484660000094891e+03 2.700000000550062396e-02
2.050000000000000000e+03 nan nan
2.100000000000000000e+03 nan nan
2.150000000000000000e+03 1.551477160000093363e+03 6.750000001375155989e-02
2.200000000000000000e+03 1.551476910000093312e+03 1.750000000356521923e-03
2.250000000000000000e+03 1.551476160000093159e+03 1.500000000305590220e-03
2.300000000000000000e+03 1.551474410000092803e+03 7.500000001527951099e-04
2.350000000000000000e+03 1.551474410000092803e+03 7.500000001527951099e-03
2.400000000000000000e+03 1.551472660000092446e+03 3.600000000733416528e-02
2.450000000000000000e+03 1.551471160000092141e+03 1.250000000254658516e-03
2.500000000000000000e+03 1.551470660000092039e+03 1.750000000356521923e-03
2.550000000000000000e+03 1.551469410000091784e+03 3.250000000662112143e-03
2.600000000000000000e+03 1.551468660000091631e+03 2.800000000570435077e-02
2.650000000000000000e+03 1.551467410000091377e+03 1.925000000392174115e-02
2.700000000000000000e+03 1.551466660000091224e+03 5.825000001186708687e-02
2.750000000000000000e+03 1.551466660000091224e+03 9.250000001884473022e-03
2.800000000000000000e+03 1.551467660000091428e+03 3.175000000646832632e-02
2.850000000000000000e+03 1.551466160000091122e+03 2.450000000499130692e-02
2.900000000000000000e+03 1.551466410000091173e+03 2.500000000509317033e-04
2.950000000000000000e+03 1.551466410000091173e+03 1.000000000203726813e-03
3.000000000000000000e+03 1.551466160000091122e+03 2.500000000509317033e-03
3.050000000000000000e+03 1.551465910000091071e+03 1.750000000356521923e-03
3.100000000000000000e+03 1.551464410000090766e+03 1.500000000305590220e-03
3.150000000000000000e+03 1.551464660000090817e+03 6.000000001222360879e-03
3.200000000000000000e+03 1.551463660000090613e+03 1.050000000213913154e-02
3.250000000000000000e+03 1.551461410000090154e+03 2.500000000509317033e-02
3.300000000000000000e+03 1.551460160000089900e+03 7.500000001527951099e-03
3.350000000000000000e+03 1.551459660000089798e+03 4.500000000916770659e-03
3.400000000000000000e+03 1.551457910000089441e+03 5.500000001120497473e-03
3.450000000000000000e+03 nan nan
3.500000000000000000e+03 1.551455410000088932e+03 5.200000001059379429e-02
3.550000000000000000e+03 1.551455410000088932e+03 1.000000000203726813e-03
3.600000000000000000e+03 1.551455660000088983e+03 2.500000000509317033e-04
3.650000000000000000e+03 1.551455910000089034e+03 7.500000001527951099e-04
3.700000000000000000e+03 1.551456910000089238e+03 1.025000000208819984e-02
3.750000000000000000e+03 1.551460660000090002e+03 3.375000000687577995e-02
3.800000000000000000e+03 1.551451910000088219e+03 1.075000000219006324e-02
3.850000000000000000e+03 1.551450410000087913e+03 7.775000001583975973e-02
3.900000000000000000e+03 1.551448410000087506e+03 1.925000000392174115e-02
3.950000000000000000e+03 1.551445160000086844e+03 3.450000000702857506e-02
4.000000000000000000e+03 1.551442160000086233e+03 5.000000001018634066e-02
4.050000000000000000e+03 1.551441660000086131e+03 6.350000001293665264e-02
4.100000000000000000e+03 1.551439660000085723e+03 3.400000000692671165e-02
4.150000000000000000e+03 1.551439160000085622e+03 7.500000001527951099e-04
4.200000000000000000e+03 1.551438660000085520e+03 4.750000000967702363e-03
4.250000000000000000e+03 1.551436160000085010e+03 5.500000001120497473e-03
4.300000000000000000e+03 1.551433410000084450e+03 9.625000001960870577e-02
4.350000000000000000e+03 1.551430410000083839e+03 1.225000000249565346e-02
4.400000000000000000e+03 1.551427160000083177e+03 5.500000001120497473e-03
4.450000000000000000e+03 1.551425160000082769e+03 6.075000001237640390e-02
4.500000000000000000e+03 1.551422910000082311e+03 4.250000000865838956e-03
4.550000000000000000e+03 1.551420660000081853e+03 1.500000000305590220e-03
4.600000000000000000e+03 1.551420410000081802e+03 1.750000000356521923e-03
4.650000000000000000e+03 1.551420160000081751e+03 3.875000000789441401e-02
4.700000000000000000e+03 1.551418910000081496e+03 3.400000000692671165e-02
4.750000000000000000e+03 1.551417410000081190e+03 4.750000000967702363e-02
4.800000000000000000e+03 1.551417160000081140e+03 1.250000000254658516e-03
4.850000000000000000e+03 1.551416410000080987e+03 6.125000001247826731e-02
4.900000000000000000e+03 1.551414410000080579e+03 4.475000000911677489e-02
4.950000000000000000e+03 1.551410910000079866e+03 6.750000001375155989e-02
5.050000000000000000e+03 1.551408910000079459e+03 6.675000001359876478e-02
5.100000000000000000e+03 nan nan
5.150000000000000000e+03 1.551396910000077014e+03 2.000000000407453626e-03
5.200000000000000000e+03 1.551395660000076759e+03 7.525000001533044269e-02
5.250000000000000000e+03 1.551391410000075894e+03 5.950000001212174539e-02
5.300000000000000000e+03 1.551388410000075282e+03 4.100000000835279934e-02
5.350000000000000000e+03 1.551385910000074773e+03 4.500000000916770659e-03
5.400000000000000000e+03 1.551383410000074264e+03 3.175000000646832632e-02
5.450000000000000000e+03 1.551381660000073907e+03 7.325000001492298907e-02
5.500000000000000000e+03 1.551379410000073449e+03 1.000000000203726813e-03
5.550000000000000000e+03 1.551376910000072940e+03 2.000000000407453626e-02
5.600000000000000000e+03 1.551374410000072430e+03 5.050000001028820407e-02
5.650000000000000000e+03 1.551373410000072226e+03 1.025000000208819984e-02
5.700000000000000000e+03 1.551371160000071768e+03 2.250000000458385330e-02
5.750000000000000000e+03 1.551367910000071106e+03 7.750000001578882802e-02
5.800000000000000000e+03 nan nan
5.850000000000000000e+03 1.551362410000069985e+03 1.150000000234285835e-02
5.900000000000000000e+03 1.551362910000070087e+03 1.500000000305590220e-03
5.950000000000000000e+03 1.551362410000069985e+03 3.500000000713043846e-03
6.000000000000000000e+03 1.551359910000069476e+03 6.750000001375155989e-03
6.050000000000000000e+03 1.551359160000069323e+03 3.500000000713043846e-03
6.100000000000000000e+03 1.551357660000069018e+03 7.500000001527951099e-04
6.150000000000000000e+03 1.551357160000068916e+03 2.500000000509317033e-04
6.200000000000000000e+03 1.551353910000068254e+03 2.250000000458385330e-03
6.250000000000000000e+03 1.551352160000067897e+03 7.325000001492298907e-02
6.300000000000000000e+03 1.551350660000067592e+03 3.700000000753789209e-02
6.350000000000000000e+03 1.551351910000067846e+03 1.275000000259751687e-02
6.400000000000000000e+03 1.551347660000066981e+03 4.750000000967702363e-02
6.450000000000000000e+03 1.551347410000066930e+03 4.700000000957516022e-02
6.500000000000000000e+03 1.551343660000066166e+03 7.500000001527951099e-03
6.550000000000000000e+03 1.551343410000066115e+03 2.500000000509317033e-04
6.600000000000000000e+03 1.551342910000066013e+03 1.250000000254658516e-03
6.650000000000000000e+03 1.551342910000066013e+03 1.750000000356521923e-03
6.700000000000000000e+03 1.551343160000066064e+03 1.500000000305590220e-03
6.750000000000000000e+03 1.551343160000066064e+03 3.250000000662112143e-02
6.800000000000000000e+03 nan nan
6.900000000000000000e+03 1.551336160000064638e+03 8.300000001690932550e-02
6.950000000000000000e+03 1.551334660000064332e+03 4.000000000814907253e-03
7.000000000000000000e+03 1.551331910000063772e+03 2.650000000539876055e-02
7.050000000000000000e+03 nan nan
7.100000000000000000e+03 1.551325910000062549e+03 7.000000001426087692e-03
7.150000000000000000e+03 1.551326410000062651e+03 4.075000000830186764e-02
7.350000000000000000e+03 1.551321660000061684e+03 1.250000000254658516e-03
7.400000000000000000e+03 1.551314910000060308e+03 1.675000000341242412e-02
7.450000000000000000e+03 1.551314410000060207e+03 1.025000000208819984e-02
7.500000000000000000e+03 1.551313160000059952e+03 7.000000001426087692e-03
7.700000000000000000e+03 1.551311410000059595e+03 7.675000001563603291e-02
7.750000000000000000e+03 1.551307660000058831e+03 4.100000000835279934e-02
7.800000000000000000e+03 1.551305160000058322e+03 4.075000000830186764e-02
7.850000000000000000e+03 1.551304660000058220e+03 8.500000001731677912e-03
7.900000000000000000e+03 1.551303910000058067e+03 2.650000000539876055e-02
7.950000000000000000e+03 1.551301910000057660e+03 7.900000001609441824e-02
8.000000000000000000e+03 1.551300160000057303e+03 4.725000000962609192e-02
8.050000000000000000e+03 1.551298910000057049e+03 1.750000000356521923e-03
8.100000000000000000e+03 1.551298410000056947e+03 8.500000001731677912e-03
8.150000000000000000e+03 1.551296910000056641e+03 1.000000000203726813e-02
8.250000000000000000e+03 1.551296660000056590e+03 4.750000000967702363e-03
8.300000000000000000e+03 1.551292410000055725e+03 8.375000001706212061e-02
8.350000000000000000e+03 1.551291660000055572e+03 2.000000000407453626e-03
8.400000000000000000e+03 1.551291160000055470e+03 1.000000000203726813e-03
8.450000000000000000e+03 1.551291160000055470e+03 3.025000000616273610e-02
8.500000000000000000e+03 1.551289660000055164e+03 7.500000001527951099e-04
8.550000000000000000e+03 1.551289160000055062e+03 7.500000001527951099e-04
8.600000000000000000e+03 1.551288160000054859e+03 8.225000001675653039e-02
8.650000000000000000e+03 1.551286910000054604e+03 6.900000001405715011e-02
8.700000000000000000e+03 1.551285660000054349e+03 2.000000000407453626e-03
8.750000000000000000e+03 1.551284160000054044e+03 1.775000000361615093e-02
8.800000000000000000e+03 1.551283910000053993e+03 7.500000001527951099e-04
8.850000000000000000e+03 1.551283160000053840e+03 8.250000001680746209e-02
8.900000000000000000e+03 nan nan
8.950000000000000000e+03 nan nan
9.000000000000000000e+03 1.551279660000053127e+03 8.725000001777516445e-02
9.050000000000000000e+03 1.551278910000052974e+03 1.625000000331056071e-02
9.100000000000000000e+03 nan nan
9.150000000000000000e+03 1.551277660000052720e+03 3.750000000763975549e-03
9.200000000000000000e+03 1.551277910000052771e+03 5.275000001074658940e-02
9.250000000000000000e+03 1.551277910000052771e+03 6.650000001354783308e-02
9.300000000000000000e+03 1.551275910000052363e+03 7.000000001426087692e-03
9.350000000000000000e+03 1.551275660000052312e+03 7.500000001527951099e-04
9.400000000000000000e+03 1.551274910000052159e+03 7.625000001553416951e-02
9.450000000000000000e+03 1.551282410000053687e+03 1.200000000244472176e-02
