2.500000000000000000e+02 1.547474710000082496e+03 5.050000001028820407e-02
2.800000000000000000e+02 1.547477960000083158e+03 2.275000000463478500e-02
3.100000000000000000e+02 1.547491460000085908e+03 5.675000001156149665e-02
3.400000000000000000e+02 1.547497460000087131e+03 3.050000000621366780e-02
3.700000000000000000e+02 1.547496710000086978e+03 7.250000001477019396e-03
4.000000000000000000e+02 1.547499960000087640e+03 2.350000000478758011e-02
4.300000000000000000e+02 1.547500960000087844e+03 9.750000001986336429e-03
4.600000000000000000e+02 1.547502710000088200e+03 6.250000001273292582e-03
4.900000000000000000e+02 1.547504460000088557e+03 1.900000000387080945e-02
5.200000000000000000e+02 1.547504960000088658e+03 1.275000000259751687e-02
5.500000000000000000e+02 1.547504960000088658e+03 2.625000000534782885e-02
5.800000000000000000e+02 1.547506710000089015e+03 8.250000001680746209e-03
6.100000000000000000e+02 1.547505710000088811e+03 4.750000000967702363e-03
6.400000000000000000e+02 1.547505460000088760e+03 3.550000000723230187e-02
6.700000000000000000e+02 1.547507710000089219e+03 8.500000001731677912e-03
7.000000000000000000e+02 1.547506210000088913e+03 9.750000001986336429e-03
7.300000000000000000e+02 1.547504960000088658e+03 2.050000000417639967e-02
7.600000000000000000e+02 1.547502710000088200e+03 1.400000000285217538e-02
7.900000000000000000e+02 1.547505460000088760e+03 7.500000001527951099e-03
8.200000000000000000e+02 1.547499460000087538e+03 2.500000000509317033e-02
8.500000000000000000e+02 1.547500960000087844e+03 1.150000000234285835e-02
8.800000000000000000e+02 1.547501960000088047e+03 1.575000000320869731e-02
9.100000000000000000e+02 1.547501460000087945e+03 3.350000000682484824e-02
9.400000000000000000e+02 1.547503710000088404e+03 1.175000000239379006e-02
9.700000000000000000e+02 1.547502710000088200e+03 2.600000000529689714e-02
1.000000000000000000e+03 1.547497210000087080e+03 8.250000001680746209e-03
1.030000000000000000e+03 1.547495710000086774e+03 2.325000000473664841e-02
1.060000000000000000e+03 1.547491960000086010e+03 2.225000000453292159e-02
1.090000000000000000e+03 1.547489210000085450e+03 1.650000000336149242e-02
1.120000000000000000e+03 1.547485710000084737e+03 2.150000000438012648e-02
1.150000000000000000e+03 1.547478460000083260e+03 6.000000001222360879e-03
1.180000000000000000e+03 1.547473210000082190e+03 6.325000001288572093e-02
1.210000000000000000e+03 1.547463460000080204e+03 1.725000000351428753e-02
1.240000000000000000e+03 1.547456460000078778e+03 3.200000000651925802e-02
1.270000000000000000e+03 1.547442210000075875e+03 1.250000000254658516e-02
1.300000000000000000e+03 1.547434210000074245e+03 3.750000000763975549e-02
1.330000000000000000e+03 1.547425960000072564e+03 1.425000000290310709e-02
1.360000000000000000e+03 1.547422960000071953e+03 6.750000001375155989e-03
1.390000000000000000e+03 1.547426210000072615e+03 1.525000000310683390e-02
1.420000000000000000e+03 1.547439960000075416e+03 1.625000000331056071e-02
1.450000000000000000e+03 1.547458210000079134e+03 6.525000001329317456e-02
1.480000000000000000e+03 1.547465460000080611e+03 6.225000001268199412e-02
1.510000000000000000e+03 1.547472210000081986e+03 2.000000000407453626e-03
1.540000000000000000e+03 1.547483710000084329e+03 1.525000000310683390e-02
1.570000000000000000e+03 1.547487460000085093e+03 6.500000001324224286e-03
1.600000000000000000e+03 1.547492210000086061e+03 3.025000000616273610e-02
1.630000000000000000e+03 1.547495960000086825e+03 1.600000000325962901e-02
1.660000000000000000e+03 1.547488710000085348e+03 4.000000000814907253e-03
1.690000000000000000e+03 1.547495210000086672e+03 1.525000000310683390e-02
1.720000000000000000e+03 1.547489460000085501e+03 3.100000000631553121e-02
1.750000000000000000e+03 1.547491960000086010e+03 9.250000001884473022e-03
1.780000000000000000e+03 1.547494210000086468e+03 2.950000000600994099e-02
1.810000000000000000e+03 1.547485210000084635e+03 1.725000000351428753e-02
1.840000000000000000e+03 1.547489460000085501e+03 5.000000001018634066e-04
1.870000000000000000e+03 1.547485210000084635e+03 2.625000000534782885e-02
1.900000000000000000e+03 1.547490960000085806e+03 1.800000000366708264e-02
1.930000000000000000e+03 1.547491460000085908e+03 7.500000001527951099e-03
1.960000000000000000e+03 1.547492710000086163e+03 1.575000000320869731e-02
1.990000000000000000e+03 1.547490960000085806e+03 8.000000001629814506e-03
2.080000000000000000e+03 1.547493710000086367e+03 2.550000000519503374e-02
2.110000000000000000e+03 1.547494460000086519e+03 4.850000000988075044e-02
2.230000000000000000e+03 1.547497210000087080e+03 3.475000000707950676e-02
2.260000000000000000e+03 1.547501710000087996e+03 5.250000001069565769e-03
2.290000000000000000e+03 1.547497210000087080e+03 7.575000001543230610e-02
2.320000000000000000e+03 1.547493210000086265e+03 1.425000000290310709e-02
2.350000000000000000e+03 1.547480710000083718e+03 1.500000000305590220e-02
2.380000000000000000e+03 1.547479960000083565e+03 6.500000001324224286e-03
2.410000000000000000e+03 1.547460460000079593e+03 9.000000001833541319e-03
2.440000000000000000e+03 1.547450210000077504e+03 6.625000001349690137e-02
2.470000000000000000e+03 1.547442460000075926e+03 1.600000000325962901e-02
2.500000000000000000e+03 1.547423210000072004e+03 1.450000000295403879e-02
2.530000000000000000e+03 1.547417460000070832e+03 1.800000000366708264e-02
2.560000000000000000e+03 1.547415210000070374e+03 5.750000001171429176e-03
2.590000000000000000e+03 1.547420960000071545e+03 1.650000000336149242e-02
2.620000000000000000e+03 1.547441960000075824e+03 4.225000000860745786e-02
2.650000000000000000e+03 1.547452210000077912e+03 3.075000000626459951e-02
2.680000000000000000e+03 1.547461210000079745e+03 1.775000000361615093e-02
2.710000000000000000e+03 1.547469210000081375e+03 1.100000000224099495e-02
2.740000000000000000e+03 1.547480710000083718e+03 3.325000000677391654e-02
2.770000000000000000e+03 1.547485210000084635e+03 2.175000000443105819e-02
2.800000000000000000e+03 1.547488460000085297e+03 6.500000001324224286e-03
2.830000000000000000e+03 1.547494960000086621e+03 9.000000001833541319e-03
2.860000000000000000e+03 1.547492960000086214e+03 2.475000000504223863e-02
2.890000000000000000e+03 1.547496460000086927e+03 1.725000000351428753e-02
2.920000000000000000e+03 1.547498960000087436e+03 3.150000000641739462e-02
2.950000000000000000e+03 1.547502710000088200e+03 1.025000000208819984e-02
2.980000000000000000e+03 1.547501960000088047e+03 3.275000000667205313e-02
3.010000000000000000e+03 1.547506210000088913e+03 2.000000000407453626e-02
3.040000000000000000e+03 1.547502210000088098e+03 1.675000000341242412e-02
3.070000000000000000e+03 1.547503210000088302e+03 1.375000000280124368e-02
3.100000000000000000e+03 1.547505710000088811e+03 2.175000000443105819e-02
3.130000000000000000e+03 1.547507460000089168e+03 1.400000000285217538e-02
3.160000000000000000e+03 1.547518460000091409e+03 2.525000000514410203e-02
3.190000000000000000e+03 1.547506710000089015e+03 5.000000001018634066e-03
3.280000000000000000e+03 1.547508960000089473e+03 8.500000001731677912e-03
3.310000000000000000e+03 1.547506460000088964e+03 1.075000000219006324e-02
3.400000000000000000e+03 1.547511460000089983e+03 1.900000000387080945e-02
3.430000000000000000e+03 1.547504710000088608e+03 5.250000001069565769e-03
3.460000000000000000e+03 1.547508710000089422e+03 2.525000000514410203e-02
3.490000000000000000e+03 1.547501710000087996e+03 1.275000000259751687e-02
3.520000000000000000e+03 1.547499460000087538e+03 7.250000001477019396e-03
3.550000000000000000e+03 1.547495460000086723e+03 1.425000000290310709e-02
3.580000000000000000e+03 1.547494710000086570e+03 2.875000000585714588e-02
3.610000000000000000e+03 1.547488960000085399e+03 9.375000001909938874e-02
3.640000000000000000e+03 1.547469460000081426e+03 6.850000001395528670e-02
3.670000000000000000e+03 1.547451460000077759e+03 1.250000000254658516e-02
3.700000000000000000e+03 1.547438710000075162e+03 1.450000000295403879e-02
3.730000000000000000e+03 1.547428960000073175e+03 3.025000000616273610e-02
3.760000000000000000e+03 1.547424960000072360e+03 1.825000000371801434e-02
3.790000000000000000e+03 1.547428460000073073e+03 1.675000000341242412e-02
3.820000000000000000e+03 1.547435960000074601e+03 6.500000001324224286e-03
3.850000000000000000e+03 1.547451460000077759e+03 2.100000000427826308e-02
3.880000000000000000e+03 1.547458460000079185e+03 6.700000001364969648e-02
3.910000000000000000e+03 1.547473710000082292e+03 9.075000001848820830e-02
3.940000000000000000e+03 1.547492960000086214e+03 4.850000000988075044e-02
3.970000000000000000e+03 1.547492960000086214e+03 1.500000000305590220e-02
4.000000000000000000e+03 1.547481210000083820e+03 4.250000000865838956e-03
4.030000000000000000e+03 1.547475960000082750e+03 9.000000001833541319e-03
4.060000000000000000e+03 1.547483960000084380e+03 3.525000000718137017e-02
4.090000000000000000e+03 1.547478210000083209e+03 1.625000000331056071e-02
4.120000000000000000e+03 1.547478710000083311e+03 1.025000000208819984e-02
4.150000000000000000e+03 1.547480210000083616e+03 8.250000001680746209e-03
4.180000000000000000e+03 1.547484960000084584e+03 1.575000000320869731e-02
4.210000000000000000e+03 1.547501960000088047e+03 9.000000001833541319e-03
4.240000000000000000e+03 1.547513210000090339e+03 1.250000000254658516e-03
4.270000000000000000e+03 1.547517460000091205e+03 2.500000000509317033e-04
4.300000000000000000e+03 1.547514460000090594e+03 2.000000000407453626e-02
4.330000000000000000e+03 1.547512960000090288e+03 1.000000000203726813e-02
4.360000000000000000e+03 1.547512210000090136e+03 2.925000000595900929e-02
4.390000000000000000e+03 1.547495960000086825e+03 1.000000000203726813e-02
4.420000000000000000e+03 1.547494960000086621e+03 1.675000000341242412e-02
4.450000000000000000e+03 1.547496460000086927e+03 1.250000000254658516e-02
4.480000000000000000e+03 1.547492710000086163e+03 2.825000000575528247e-02
4.510000000000000000e+03 1.547498460000087334e+03 1.450000000295403879e-02
4.540000000000000000e+03 1.547495210000086672e+03 3.000000000611180440e-03
4.570000000000000000e+03 1.547488210000085246e+03 1.100000000224099495e-02
4.600000000000000000e+03 1.547490710000085755e+03 2.100000000427826308e-02
4.630000000000000000e+03 1.547490710000085755e+03 1.700000000346335582e-02
4.660000000000000000e+03 1.547490960000085806e+03 1.975000000402360456e-02
4.690000000000000000e+03 1.547491460000085908e+03 2.075000000422733137e-02
4.720000000000000000e+03 1.547491710000085959e+03 7.750000001578882802e-03
4.750000000000000000e+03 1.547492210000086061e+03 -4.000000000814907253e-03
4.780000000000000000e+03 1.547485710000084737e+03 2.550000000519503374e-02
4.810000000000000000e+03 1.547472210000081986e+03 9.175000001869193511e-02
4.840000000000000000e+03 1.547470460000081630e+03 1.050000000213913154e-02
4.870000000000000000e+03 1.547463710000080255e+03 2.050000000417639967e-02
4.900000000000000000e+03 1.547453960000078268e+03 2.925000000595900929e-02
4.930000000000000000e+03 1.547448710000077199e+03 3.750000000763975549e-03
4.960000000000000000e+03 1.547456460000078778e+03 2.150000000438012648e-02
4.990000000000000000e+03 1.547465710000080662e+03 2.775000000565341907e-02
5.020000000000000000e+03 1.547468460000081222e+03 5.750000001171429176e-02
5.050000000000000000e+03 1.547473710000082292e+03 1.750000000356521923e-02
5.080000000000000000e+03 1.547477960000083158e+03 2.325000000473664841e-02
5.110000000000000000e+03 1.547483460000084278e+03 2.000000000407453626e-02
5.140000000000000000e+03 1.547483460000084278e+03 1.000000000203726813e-02
5.170000000000000000e+03 1.547479460000083463e+03 9.750000001986336429e-03
5.200000000000000000e+03 1.547484210000084431e+03 8.750000001782609615e-02
5.230000000000000000e+03 1.547489460000085501e+03 3.100000000631553121e-02
5.260000000000000000e+03 1.547492460000086112e+03 5.750000001171429176e-03
5.290000000000000000e+03 1.547489210000085450e+03 1.200000000244472176e-02
5.320000000000000000e+03 1.547496710000086978e+03 2.425000000494037522e-02
5.350000000000000000e+03 1.547499210000087487e+03 1.925000000392174115e-02
5.380000000000000000e+03 1.547501710000087996e+03 1.600000000325962901e-02
5.410000000000000000e+03 1.547509710000089626e+03 2.525000000514410203e-02
5.440000000000000000e+03 1.547514960000090696e+03 2.125000000432919478e-02
5.470000000000000000e+03 1.547514960000090696e+03 7.625000001553416951e-02
5.500000000000000000e+03 1.547514210000090543e+03 2.650000000539876055e-02
5.530000000000000000e+03 1.547507960000089270e+03 3.250000000662112143e-03
5.560000000000000000e+03 1.547514210000090543e+03 1.125000000229192665e-02
5.590000000000000000e+03 1.547524460000092631e+03 3.100000000631553121e-02
5.620000000000000000e+03 1.547537210000095229e+03 5.000000001018634066e-03
5.650000000000000000e+03 1.547528210000093395e+03 2.425000000494037522e-02
5.680000000000000000e+03 1.547514960000090696e+03 2.350000000478758011e-02
5.710000000000000000e+03 1.547505960000088862e+03 2.400000000488944352e-02
5.740000000000000000e+03 1.547508460000089372e+03 6.825000001390435500e-02
5.770000000000000000e+03 1.547564710000100831e+03 2.325000000473664841e-02
5.800000000000000000e+03 1.547500460000087742e+03 2.025000000412546797e-02
5.830000000000000000e+03 1.547512210000090136e+03 1.525000000310683390e-02
5.860000000000000000e+03 1.547503710000088404e+03 1.000000000203726813e-02
5.890000000000000000e+03 1.547495210000086672e+03 9.750000001986336429e-03
5.920000000000000000e+03 1.547494710000086570e+03 1.550000000315776560e-02
5.950000000000000000e+03 1.547492960000086214e+03 1.975000000402360456e-02
5.980000000000000000e+03 1.547490210000085654e+03 1.600000000325962901e-02
6.010000000000000000e+03 1.547489710000085552e+03 3.625000000738509698e-02
6.040000000000000000e+03 1.547484960000084584e+03 4.000000000814907253e-03
6.070000000000000000e+03 1.547479960000083565e+03 1.675000000341242412e-02
6.100000000000000000e+03 1.547460710000079644e+03 1.000000000203726813e-02
6.130000000000000000e+03 1.547459710000079440e+03 1.850000000376894604e-02
6.160000000000000000e+03 1.547456210000078727e+03 2.375000000483851181e-02
6.190000000000000000e+03 1.547460460000079593e+03 4.750000000967702363e-03
6.220000000000000000e+03 1.547475960000082750e+03 3.150000000641739462e-02
6.250000000000000000e+03 1.547478210000083209e+03 6.275000001278385753e-02
6.280000000000000000e+03 1.547489460000085501e+03 2.125000000432919478e-02
6.310000000000000000e+03 1.547497710000087181e+03 3.000000000611180440e-03
6.340000000000000000e+03 1.547501210000087895e+03 7.725000001573789632e-02
6.370000000000000000e+03 1.547501460000087945e+03 5.750000001171429176e-03
6.400000000000000000e+03 1.547500460000087742e+03 7.025000001431180863e-02
6.430000000000000000e+03 1.547501710000087996e+03 6.250000001273292582e-03
6.490000000000000000e+03 1.547500960000087844e+03 2.150000000438012648e-02
6.520000000000000000e+03 1.547502460000088149e+03 2.725000000555155566e-02
6.550000000000000000e+03 1.547500960000087844e+03 1.250000000254658516e-02
6.580000000000000000e+03 1.547499710000087589e+03 3.550000000723230187e-02
6.610000000000000000e+03 1.547500460000087742e+03 1.875000000381987775e-02
6.640000000000000000e+03 1.547506460000088964e+03 1.150000000234285835e-02
6.670000000000000000e+03 1.547503460000088353e+03 1.250000000254658516e-02
6.700000000000000000e+03 1.547497210000087080e+03 1.000000000203726813e-02
6.730000000000000000e+03 1.547494460000086519e+03 4.750000000967702363e-03
6.760000000000000000e+03 1.547500210000087691e+03 8.250000001680746209e-03
6.790000000000000000e+03 1.547500210000087691e+03 1.100000000224099495e-02
6.820000000000000000e+03 1.547501210000087895e+03 1.925000000392174115e-02
6.850000000000000000e+03 1.547498460000087334e+03 1.125000000229192665e-02
6.880000000000000000e+03 1.547501460000087945e+03 1.500000000305590220e-03
6.910000000000000000e+03 1.547496710000086978e+03 7.250000001477019396e-03
6.940000000000000000e+03 1.547495210000086672e+03 6.800000001385342330e-02
6.970000000000000000e+03 1.547497460000087131e+03 6.400000001303851604e-02
7.000000000000000000e+03 1.547497710000087181e+03 2.025000000412546797e-02
7.030000000000000000e+03 1.547496710000086978e+03 3.150000000641739462e-02
7.060000000000000000e+03 1.547501710000087996e+03 8.250000001680746209e-03
7.090000000000000000e+03 1.547496460000086927e+03 9.000000001833541319e-03
7.120000000000000000e+03 1.547496210000086876e+03 5.700000001161242835e-02
7.150000000000000000e+03 1.547493210000086265e+03 6.750000001375155989e-03
7.180000000000000000e+03 1.547501710000087996e+03 1.200000000244472176e-02
7.210000000000000000e+03 1.547504210000088506e+03 5.500000001120497473e-03
7.240000000000000000e+03 1.547500710000087793e+03 1.925000000392174115e-02
7.270000000000000000e+03 1.547492460000086112e+03 2.750000000560248736e-03
7.300000000000000000e+03 1.547472460000082037e+03 1.650000000336149242e-02
7.350000000000000000e+03 1.547463460000080204e+03 5.500000001120497473e-03
7.400000000000000000e+03 1.547466960000080917e+03 1.850000000376894604e-02
7.450000000000000000e+03 1.547488210000085246e+03 6.275000001278385753e-02
7.500000000000000000e+03 1.547487460000085093e+03 2.350000000478758011e-02
7.550000000000000000e+03 1.547487210000085042e+03 2.650000000539876055e-02
7.600000000000000000e+03 1.547494710000086570e+03 8.750000001782609615e-03
7.650000000000000000e+03 1.547498960000087436e+03 2.725000000555155566e-02
7.700000000000000000e+03 1.547485210000084635e+03 1.050000000213913154e-02
7.750000000000000000e+03 1.547481960000083973e+03 4.350000000886211637e-02
7.800000000000000000e+03 1.547481210000083820e+03 1.425000000290310709e-02
7.850000000000000000e+03 1.547478960000083362e+03 6.275000001278385753e-02
7.900000000000000000e+03 1.547478960000083362e+03 1.575000000320869731e-02
7.950000000000000000e+03 1.547476460000082852e+03 7.975000001624721335e-02
8.000000000000000000e+03 1.547474710000082496e+03 1.600000000325962901e-02
