0.000000000000000000e+00 -2.800000000000000000e+03 -1.700000000000000000e+02
0.000000000000000000e+00 -2.780000000000000000e+03 -1.700000000000000000e+02
0.000000000000000000e+00 -2.760000000000000000e+03 -1.700000000000000000e+02
0.000000000000000000e+00 -2.740000000000000000e+03 -1.700000000000000000e+02
0.000000000000000000e+00 -2.720000000000000000e+03 -1.700000000000000000e+02
0.000000000000000000e+00 -2.700000000000000000e+03 -1.700000000000000000e+02
0.000000000000000000e+00 -2.680000000000000000e+03 -1.700000000000000000e+02
0.000000000000000000e+00 -2.660000000000000000e+03 -1.700000000000000000e+02
0.000000000000000000e+00 -2.640000000000000000e+03 -1.700000000000000000e+02
0.000000000000000000e+00 -2.620000000000000000e+03 -1.700000000000000000e+02
0.000000000000000000e+00 -2.600000000000000000e+03 -1.700000000000000000e+02
0.000000000000000000e+00 -2.580000000000000000e+03 -1.700000000000000000e+02
0.000000000000000000e+00 -2.560000000000000000e+03 -1.700000000000000000e+02
0.000000000000000000e+00 -2.540000000000000000e+03 -1.700000000000000000e+02
0.000000000000000000e+00 -2.520000000000000000e+03 -1.700000000000000000e+02
0.000000000000000000e+00 -2.500000000000000000e+03 -1.700000000000000000e+02
0.000000000000000000e+00 -2.480000000000000000e+03 -1.700000000000000000e+02
0.000000000000000000e+00 -2.460000000000000000e+03 -1.700000000000000000e+02
0.000000000000000000e+00 -2.440000000000000000e+03 -1.700000000000000000e+02
0.000000000000000000e+00 -2.420000000000000000e+03 -1.700000000000000000e+02
0.000000000000000000e+00 -2.400000000000000000e+03 -1.700000000000000000e+02
0.000000000000000000e+00 -2.380000000000000000e+03 -1.700000000000000000e+02
0.000000000000000000e+00 -2.360000000000000000e+03 -1.700000000000000000e+02
0.000000000000000000e+00 -2.340000000000000000e+03 -1.700000000000000000e+02
