1.551019410000000107e+03
1.551019660000000158e+03
1.551019910000000209e+03
1.551020160000000260e+03
1.551020410000000311e+03
1.551020660000000362e+03
1.551020910000000413e+03
1.551021160000000464e+03
1.551021410000000515e+03
1.551021660000000566e+03
1.551021910000000616e+03
1.551022160000000667e+03
1.551022410000000718e+03
1.551022660000000769e+03
1.551022910000000820e+03
1.551023160000000871e+03
1.551023410000000922e+03
1.551023660000000973e+03
1.551023910000001024e+03
1.551024160000001075e+03
1.551024410000001126e+03
1.551024660000001177e+03
1.551024910000001228e+03
1.551025160000001279e+03
1.551025410000001330e+03
1.551025660000001380e+03
1.551025910000001431e+03
1.551026160000001482e+03
1.551026410000001533e+03
1.551026660000001584e+03
1.551026910000001635e+03
1.551027160000001686e+03
1.551027410000001737e+03
1.551027660000001788e+03
1.551027910000001839e+03
1.551028160000001890e+03
1.551028410000001941e+03
1.551028660000001992e+03
1.551028910000002043e+03
1.551029160000002094e+03
1.551029410000002144e+03
1.551029660000002195e+03
1.551029910000002246e+03
1.551030160000002297e+03
1.551030410000002348e+03
1.551030660000002399e+03
1.551030910000002450e+03
1.551031160000002501e+03
1.551031410000002552e+03
1.551031660000002603e+03
1.551031910000002654e+03
1.551032160000002705e+03
1.551032410000002756e+03
1.551032660000002807e+03
1.551032910000002857e+03
1.551033160000002908e+03
1.551033410000002959e+03
1.551033660000003010e+03
1.551033910000003061e+03
1.551034160000003112e+03
1.551034410000003163e+03
1.551034660000003214e+03
1.551034910000003265e+03
1.551035160000003316e+03
1.551035410000003367e+03
1.551035660000003418e+03
1.551035910000003469e+03
1.551036160000003520e+03
1.551036410000003571e+03
1.551036660000003621e+03
1.551036910000003672e+03
1.551037160000003723e+03
1.551037410000003774e+03
1.551037660000003825e+03
1.551037910000003876e+03
1.551038160000003927e+03
1.551038410000003978e+03
1.551038660000004029e+03
1.551038910000004080e+03
1.551039160000004131e+03
1.551039410000004182e+03
1.551039660000004233e+03
1.551039910000004284e+03
1.551040160000004335e+03
1.551040410000004385e+03
1.551040660000004436e+03
1.551040910000004487e+03
1.551041160000004538e+03
1.551041410000004589e+03
1.551041660000004640e+03
1.551041910000004691e+03
1.551042160000004742e+03
1.551042410000004793e+03
1.551042660000004844e+03
1.551042910000004895e+03
1.551043160000004946e+03
1.551043410000004997e+03
1.551043660000005048e+03
1.551043910000005098e+03
1.551044160000005149e+03
1.551044410000005200e+03
1.551044660000005251e+03
1.551044910000005302e+03
1.551045160000005353e+03
1.551045410000005404e+03
1.551045660000005455e+03
1.551045910000005506e+03
1.551046160000005557e+03
1.551046410000005608e+03
1.551046660000005659e+03
1.551046910000005710e+03
1.551047160000005761e+03
1.551047410000005812e+03
1.551047660000005862e+03
1.551047910000005913e+03
1.551048160000005964e+03
1.551048410000006015e+03
1.551048660000006066e+03
1.551048910000006117e+03
1.551049160000006168e+03
1.551049410000006219e+03
1.551049660000006270e+03
1.551049910000006321e+03
1.551050160000006372e+03
1.551050410000006423e+03
1.551050660000006474e+03
1.551050910000006525e+03
1.551051160000006576e+03
1.551051410000006626e+03
1.551051660000006677e+03
1.551051910000006728e+03
1.551052160000006779e+03
1.551052410000006830e+03
1.551052660000006881e+03
1.551052910000006932e+03
1.551053160000006983e+03
1.551053410000007034e+03
1.551053660000007085e+03
1.551053910000007136e+03
1.551054160000007187e+03
1.551054410000007238e+03
1.551054660000007289e+03
1.551054910000007339e+03
1.551055160000007390e+03
1.551055410000007441e+03
1.551055660000007492e+03
1.551055910000007543e+03
1.551056160000007594e+03
1.551056410000007645e+03
1.551056660000007696e+03
1.551056910000007747e+03
1.551057160000007798e+03
1.551057410000007849e+03
1.551057660000007900e+03
1.551057910000007951e+03
1.551058160000008002e+03
1.551058410000008053e+03
1.551058660000008103e+03
1.551058910000008154e+03
1.551059160000008205e+03
1.551059410000008256e+03
1.551059660000008307e+03
1.551059910000008358e+03
1.551060160000008409e+03
1.551060410000008460e+03
1.551060660000008511e+03
1.551060910000008562e+03
1.551061160000008613e+03
1.551061410000008664e+03
1.551061660000008715e+03
1.551061910000008766e+03
1.551062160000008816e+03
1.551062410000008867e+03
1.551062660000008918e+03
1.551062910000008969e+03
1.551063160000009020e+03
1.551063410000009071e+03
1.551063660000009122e+03
1.551063910000009173e+03
1.551064160000009224e+03
1.551064410000009275e+03
1.551064660000009326e+03
1.551064910000009377e+03
1.551065160000009428e+03
1.551065410000009479e+03
1.551065660000009530e+03
1.551065910000009580e+03
1.551066160000009631e+03
1.551066410000009682e+03
1.551066660000009733e+03
1.551066910000009784e+03
1.551067160000009835e+03
1.551067410000009886e+03
1.551067660000009937e+03
1.551067910000009988e+03
1.551068160000010039e+03
1.551068410000010090e+03
1.551068660000010141e+03
1.551068910000010192e+03
1.551069160000010243e+03
1.551069410000010294e+03
1.551069660000010344e+03
1.551069910000010395e+03
1.551070160000010446e+03
1.551070410000010497e+03
1.551070660000010548e+03
1.551070910000010599e+03
1.551071160000010650e+03
1.551071410000010701e+03
1.551071660000010752e+03
1.551071910000010803e+03
1.551072160000010854e+03
1.551072410000010905e+03
1.551072660000010956e+03
1.551072910000011007e+03
1.551073160000011057e+03
1.551073410000011108e+03
1.551073660000011159e+03
1.551073910000011210e+03
1.551074160000011261e+03
1.551074410000011312e+03
1.551074660000011363e+03
1.551074910000011414e+03
1.551075160000011465e+03
1.551075410000011516e+03
1.551075660000011567e+03
1.551075910000011618e+03
1.551076160000011669e+03
1.551076410000011720e+03
1.551076660000011771e+03
1.551076910000011821e+03
1.551077160000011872e+03
1.551077410000011923e+03
1.551077660000011974e+03
1.551077910000012025e+03
1.551078160000012076e+03
1.551078410000012127e+03
1.551078660000012178e+03
1.551078910000012229e+03
1.551079160000012280e+03
1.551079410000012331e+03
1.551079660000012382e+03
1.551079910000012433e+03
1.551080160000012484e+03
1.551080410000012535e+03
1.551080660000012585e+03
1.551080910000012636e+03
1.551081160000012687e+03
1.551081410000012738e+03
1.551081660000012789e+03
1.551081910000012840e+03
1.551082160000012891e+03
1.551082410000012942e+03
1.551082660000012993e+03
1.551082910000013044e+03
1.551083160000013095e+03
1.551083410000013146e+03
1.551083660000013197e+03
1.551083910000013248e+03
1.551084160000013298e+03
1.551084410000013349e+03
1.551084660000013400e+03
1.551084910000013451e+03
1.551085160000013502e+03
1.551085410000013553e+03
1.551085660000013604e+03
1.551085910000013655e+03
1.551086160000013706e+03
1.551086410000013757e+03
1.551086660000013808e+03
1.551086910000013859e+03
1.551087160000013910e+03
1.551087410000013961e+03
1.551087660000014012e+03
1.551087910000014062e+03
1.551088160000014113e+03
1.551088410000014164e+03
1.551088660000014215e+03
1.551088910000014266e+03
1.551089160000014317e+03
1.551089410000014368e+03
1.551089660000014419e+03
1.551089910000014470e+03
1.551090160000014521e+03
1.551090410000014572e+03
1.551090660000014623e+03
1.551090910000014674e+03
1.551091160000014725e+03
1.551091410000014776e+03
1.551091660000014826e+03
1.551091910000014877e+03
1.551092160000014928e+03
1.551092410000014979e+03
1.551092660000015030e+03
1.551092910000015081e+03
1.551093160000015132e+03
1.551093410000015183e+03
1.551093660000015234e+03
1.551093910000015285e+03
1.551094160000015336e+03
1.551094410000015387e+03
1.551094660000015438e+03
1.551094910000015489e+03
1.551095160000015539e+03
1.551095410000015590e+03
1.551095660000015641e+03
1.551095910000015692e+03
1.551096160000015743e+03
1.551096410000015794e+03
1.551096660000015845e+03
1.551096910000015896e+03
1.551097160000015947e+03
1.551097410000015998e+03
1.551097660000016049e+03
1.551097910000016100e+03
1.551098160000016151e+03
1.551098410000016202e+03
1.551098660000016253e+03
1.551098910000016303e+03
1.551099160000016354e+03
1.551099410000016405e+03
1.551099660000016456e+03
1.551099910000016507e+03
1.551100160000016558e+03
1.551100410000016609e+03
1.551100660000016660e+03
1.551100910000016711e+03
1.551101160000016762e+03
1.551101410000016813e+03
1.551101660000016864e+03
1.551101910000016915e+03
1.551102160000016966e+03
1.551102410000017017e+03
1.551102660000017067e+03
1.551102910000017118e+03
1.551103160000017169e+03
1.551103410000017220e+03
1.551103660000017271e+03
1.551103910000017322e+03
1.551104160000017373e+03
1.551104410000017424e+03
1.551104660000017475e+03
1.551104910000017526e+03
1.551105160000017577e+03
1.551105410000017628e+03
1.551105660000017679e+03
1.551105910000017730e+03
1.551106160000017780e+03
1.551106410000017831e+03
1.551106660000017882e+03
1.551106910000017933e+03
1.551107160000017984e+03
1.551107410000018035e+03
1.551107660000018086e+03
1.551107910000018137e+03
1.551108160000018188e+03
1.551108410000018239e+03
1.551108660000018290e+03
1.551108910000018341e+03
1.551109160000018392e+03
1.551109410000018443e+03
1.551109660000018494e+03
1.551109910000018544e+03
1.551110160000018595e+03
1.551110410000018646e+03
1.551110660000018697e+03
1.551110910000018748e+03
1.551111160000018799e+03
1.551111410000018850e+03
1.551111660000018901e+03
1.551111910000018952e+03
1.551112160000019003e+03
1.551112410000019054e+03
1.551112660000019105e+03
1.551112910000019156e+03
1.551113160000019207e+03
1.551113410000019257e+03
1.551113660000019308e+03
1.551113910000019359e+03
1.551114160000019410e+03
1.551114410000019461e+03
1.551114660000019512e+03
1.551114910000019563e+03
1.551115160000019614e+03
1.551115410000019665e+03
1.551115660000019716e+03
1.551115910000019767e+03
1.551116160000019818e+03
1.551116410000019869e+03
1.551116660000019920e+03
1.551116910000019971e+03
1.551117160000020021e+03
1.551117410000020072e+03
1.551117660000020123e+03
1.551117910000020174e+03
1.551118160000020225e+03
1.551118410000020276e+03
1.551118660000020327e+03
1.551118910000020378e+03
1.551119160000020429e+03
1.551119410000020480e+03
1.551119660000020531e+03
1.551119910000020582e+03
1.551120160000020633e+03
1.551120410000020684e+03
1.551120660000020735e+03
1.551120910000020785e+03
1.551121160000020836e+03
1.551121410000020887e+03
1.551121660000020938e+03
1.551121910000020989e+03
1.551122160000021040e+03
1.551122410000021091e+03
1.551122660000021142e+03
1.551122910000021193e+03
1.551123160000021244e+03
1.551123410000021295e+03
1.551123660000021346e+03
1.551123910000021397e+03
1.551124160000021448e+03
1.551124410000021498e+03
1.551124660000021549e+03
1.551124910000021600e+03
1.551125160000021651e+03
1.551125410000021702e+03
1.551125660000021753e+03
1.551125910000021804e+03
1.551126160000021855e+03
1.551126410000021906e+03
1.551126660000021957e+03
1.551126910000022008e+03
1.551127160000022059e+03
1.551127410000022110e+03
1.551127660000022161e+03
1.551127910000022212e+03
1.551128160000022262e+03
1.551128410000022313e+03
1.551128660000022364e+03
1.551128910000022415e+03
1.551129160000022466e+03
1.551129410000022517e+03
1.551129660000022568e+03
1.551129910000022619e+03
1.551130160000022670e+03
1.551130410000022721e+03
1.551130660000022772e+03
1.551130910000022823e+03
1.551131160000022874e+03
1.551131410000022925e+03
1.551131660000022976e+03
1.551131910000023026e+03
1.551132160000023077e+03
1.551132410000023128e+03
1.551132660000023179e+03
1.551132910000023230e+03
1.551133160000023281e+03
1.551133410000023332e+03
1.551133660000023383e+03
1.551133910000023434e+03
1.551134160000023485e+03
1.551134410000023536e+03
1.551134660000023587e+03
1.551134910000023638e+03
1.551135160000023689e+03
1.551135410000023739e+03
1.551135660000023790e+03
1.551135910000023841e+03
1.551136160000023892e+03
1.551136410000023943e+03
1.551136660000023994e+03
1.551136910000024045e+03
1.551137160000024096e+03
1.551137410000024147e+03
1.551137660000024198e+03
1.551137910000024249e+03
1.551138160000024300e+03
1.551138410000024351e+03
1.551138660000024402e+03
1.551138910000024453e+03
1.551139160000024503e+03
1.551139410000024554e+03
1.551139660000024605e+03
1.551139910000024656e+03
1.551140160000024707e+03
1.551140410000024758e+03
1.551140660000024809e+03
1.551140910000024860e+03
1.551141160000024911e+03
1.551141410000024962e+03
1.551141660000025013e+03
1.551141910000025064e+03
1.551142160000025115e+03
1.551142410000025166e+03
1.551142660000025217e+03
1.551142910000025267e+03
1.551143160000025318e+03
1.551143410000025369e+03
1.551143660000025420e+03
1.551143910000025471e+03
1.551144160000025522e+03
1.551144410000025573e+03
1.551144660000025624e+03
1.551144910000025675e+03
1.551145160000025726e+03
1.551145410000025777e+03
1.551145660000025828e+03
1.551145910000025879e+03
1.551146160000025930e+03
1.551146410000025980e+03
1.551146660000026031e+03
1.551146910000026082e+03
1.551147160000026133e+03
1.551147410000026184e+03
1.551147660000026235e+03
1.551147910000026286e+03
1.551148160000026337e+03
1.551148410000026388e+03
1.551148660000026439e+03
1.551148910000026490e+03
1.551149160000026541e+03
1.551149410000026592e+03
1.551149660000026643e+03
1.551149910000026694e+03
1.551150160000026744e+03
1.551150410000026795e+03
1.551150660000026846e+03
1.551150910000026897e+03
1.551151160000026948e+03
1.551151410000026999e+03
1.551151660000027050e+03
1.551151910000027101e+03
1.551152160000027152e+03
1.551152410000027203e+03
1.551152660000027254e+03
1.551152910000027305e+03
1.551153160000027356e+03
1.551153410000027407e+03
1.551153660000027457e+03
1.551153910000027508e+03
1.551154160000027559e+03
1.551154410000027610e+03
1.551154660000027661e+03
1.551154910000027712e+03
1.551155160000027763e+03
1.551155410000027814e+03
1.551155660000027865e+03
1.551155910000027916e+03
1.551156160000027967e+03
1.551156410000028018e+03
1.551156660000028069e+03
1.551156910000028120e+03
1.551157160000028171e+03
1.551157410000028221e+03
1.551157660000028272e+03
1.551157910000028323e+03
1.551158160000028374e+03
1.551158410000028425e+03
1.551158660000028476e+03
1.551158910000028527e+03
1.551159160000028578e+03
1.551159410000028629e+03
1.551159660000028680e+03
1.551159910000028731e+03
1.551160160000028782e+03
1.551160410000028833e+03
1.551160660000028884e+03
1.551160910000028935e+03
1.551161160000028985e+03
1.551161410000029036e+03
1.551161660000029087e+03
1.551161910000029138e+03
1.551162160000029189e+03
1.551162410000029240e+03
1.551162660000029291e+03
1.551162910000029342e+03
1.551163160000029393e+03
1.551163410000029444e+03
1.551163660000029495e+03
1.551163910000029546e+03
1.551164160000029597e+03
1.551164410000029648e+03
1.551164660000029698e+03
1.551164910000029749e+03
1.551165160000029800e+03
1.551165410000029851e+03
1.551165660000029902e+03
1.551165910000029953e+03
1.551166160000030004e+03
1.551166410000030055e+03
1.551166660000030106e+03
1.551166910000030157e+03
1.551167160000030208e+03
1.551167410000030259e+03
1.551167660000030310e+03
1.551167910000030361e+03
1.551168160000030412e+03
1.551168410000030462e+03
1.551168660000030513e+03
1.551168910000030564e+03
1.551169160000030615e+03
1.551169410000030666e+03
1.551169660000030717e+03
1.551169910000030768e+03
1.551170160000030819e+03
1.551170410000030870e+03
1.551170660000030921e+03
1.551170910000030972e+03
1.551171160000031023e+03
1.551171410000031074e+03
1.551171660000031125e+03
1.551171910000031176e+03
1.551172160000031226e+03
1.551172410000031277e+03
1.551172660000031328e+03
1.551172910000031379e+03
1.551173160000031430e+03
1.551173410000031481e+03
1.551173660000031532e+03
1.551173910000031583e+03
1.551174160000031634e+03
1.551174410000031685e+03
1.551174660000031736e+03
1.551174910000031787e+03
1.551175160000031838e+03
1.551175410000031889e+03
1.551175660000031939e+03
1.551175910000031990e+03
1.551176160000032041e+03
1.551176410000032092e+03
1.551176660000032143e+03
1.551176910000032194e+03
1.551177160000032245e+03
1.551177410000032296e+03
1.551177660000032347e+03
1.551177910000032398e+03
1.551178160000032449e+03
1.551178410000032500e+03
1.551178660000032551e+03
1.551178910000032602e+03
1.551179160000032653e+03
1.551179410000032703e+03
1.551179660000032754e+03
1.551179910000032805e+03
1.551180160000032856e+03
1.551180410000032907e+03
1.551180660000032958e+03
1.551180910000033009e+03
1.551181160000033060e+03
1.551181410000033111e+03
1.551181660000033162e+03
1.551181910000033213e+03
1.551182160000033264e+03
1.551182410000033315e+03
1.551182660000033366e+03
1.551182910000033417e+03
1.551183160000033467e+03
1.551183410000033518e+03
1.551183660000033569e+03
1.551183910000033620e+03
1.551184160000033671e+03
1.551184410000033722e+03
1.551184660000033773e+03
1.551184910000033824e+03
1.551185160000033875e+03
1.551185410000033926e+03
1.551185660000033977e+03
1.551185910000034028e+03
1.551186160000034079e+03
1.551186410000034130e+03
1.551186660000034180e+03
1.551186910000034231e+03
1.551187160000034282e+03
1.551187410000034333e+03
1.551187660000034384e+03
1.551187910000034435e+03
1.551188160000034486e+03
1.551188410000034537e+03
1.551188660000034588e+03
1.551188910000034639e+03
1.551189160000034690e+03
1.551189410000034741e+03
1.551189660000034792e+03
1.551189910000034843e+03
1.551190160000034894e+03
1.551190410000034944e+03
1.551190660000034995e+03
1.551190910000035046e+03
1.551191160000035097e+03
1.551191410000035148e+03
1.551191660000035199e+03
1.551191910000035250e+03
1.551192160000035301e+03
1.551192410000035352e+03
1.551192660000035403e+03
1.551192910000035454e+03
1.551193160000035505e+03
1.551193410000035556e+03
1.551193660000035607e+03
1.551193910000035658e+03
1.551194160000035708e+03
1.551194410000035759e+03
1.551194660000035810e+03
1.551194910000035861e+03
1.551195160000035912e+03
1.551195410000035963e+03
1.551195660000036014e+03
1.551195910000036065e+03
1.551196160000036116e+03
1.551196410000036167e+03
1.551196660000036218e+03
1.551196910000036269e+03
1.551197160000036320e+03
1.551197410000036371e+03
1.551197660000036421e+03
1.551197910000036472e+03
1.551198160000036523e+03
1.551198410000036574e+03
1.551198660000036625e+03
1.551198910000036676e+03
1.551199160000036727e+03
1.551199410000036778e+03
1.551199660000036829e+03
1.551199910000036880e+03
1.551200160000036931e+03
1.551200410000036982e+03
1.551200660000037033e+03
1.551200910000037084e+03
1.551201160000037135e+03
1.551201410000037185e+03
1.551201660000037236e+03
1.551201910000037287e+03
1.551202160000037338e+03
1.551202410000037389e+03
1.551202660000037440e+03
1.551202910000037491e+03
1.551203160000037542e+03
1.551203410000037593e+03
1.551203660000037644e+03
1.551203910000037695e+03
1.551204160000037746e+03
1.551204410000037797e+03
1.551204660000037848e+03
1.551204910000037898e+03
1.551205160000037949e+03
1.551205410000038000e+03
1.551205660000038051e+03
1.551205910000038102e+03
1.551206160000038153e+03
1.551206410000038204e+03
1.551206660000038255e+03
1.551206910000038306e+03
1.551207160000038357e+03
1.551207410000038408e+03
1.551207660000038459e+03
1.551207910000038510e+03
1.551208160000038561e+03
1.551208410000038612e+03
1.551208660000038662e+03
1.551208910000038713e+03
1.551209160000038764e+03
1.551209410000038815e+03
1.551209660000038866e+03
1.551209910000038917e+03
1.551210160000038968e+03
1.551210410000039019e+03
1.551210660000039070e+03
1.551210910000039121e+03
1.551211160000039172e+03
1.551211410000039223e+03
1.551211660000039274e+03
1.551211910000039325e+03
1.551212160000039376e+03
1.551212410000039426e+03
1.551212660000039477e+03
1.551212910000039528e+03
1.551213160000039579e+03
1.551213410000039630e+03
1.551213660000039681e+03
1.551213910000039732e+03
1.551214160000039783e+03
1.551214410000039834e+03
1.551214660000039885e+03
1.551214910000039936e+03
1.551215160000039987e+03
1.551215410000040038e+03
1.551215660000040089e+03
1.551215910000040139e+03
1.551216160000040190e+03
1.551216410000040241e+03
1.551216660000040292e+03
1.551216910000040343e+03
1.551217160000040394e+03
1.551217410000040445e+03
1.551217660000040496e+03
1.551217910000040547e+03
1.551218160000040598e+03
1.551218410000040649e+03
1.551218660000040700e+03
1.551218910000040751e+03
1.551219160000040802e+03
1.551219410000040853e+03
1.551219660000040903e+03
1.551219910000040954e+03
1.551220160000041005e+03
1.551220410000041056e+03
1.551220660000041107e+03
1.551220910000041158e+03
1.551221160000041209e+03
1.551221410000041260e+03
1.551221660000041311e+03
1.551221910000041362e+03
1.551222160000041413e+03
1.551222410000041464e+03
1.551222660000041515e+03
1.551222910000041566e+03
1.551223160000041617e+03
1.551223410000041667e+03
1.551223660000041718e+03
1.551223910000041769e+03
1.551224160000041820e+03
1.551224410000041871e+03
1.551224660000041922e+03
1.551224910000041973e+03
1.551225160000042024e+03
1.551225410000042075e+03
1.551225660000042126e+03
1.551225910000042177e+03
1.551226160000042228e+03
1.551226410000042279e+03
1.551226660000042330e+03
1.551226910000042380e+03
1.551227160000042431e+03
1.551227410000042482e+03
1.551227660000042533e+03
1.551227910000042584e+03
1.551228160000042635e+03
1.551228410000042686e+03
1.551228660000042737e+03
1.551228910000042788e+03
1.551229160000042839e+03
1.551229410000042890e+03
1.551229660000042941e+03
1.551229910000042992e+03
1.551230160000043043e+03
1.551230410000043094e+03
1.551230660000043144e+03
1.551230910000043195e+03
1.551231160000043246e+03
1.551231410000043297e+03
1.551231660000043348e+03
1.551231910000043399e+03
1.551232160000043450e+03
1.551232410000043501e+03
1.551232660000043552e+03
1.551232910000043603e+03
1.551233160000043654e+03
1.551233410000043705e+03
1.551233660000043756e+03
1.551233910000043807e+03
1.551234160000043858e+03
1.551234410000043908e+03
1.551234660000043959e+03
1.551234910000044010e+03
1.551235160000044061e+03
1.551235410000044112e+03
1.551235660000044163e+03
1.551235910000044214e+03
1.551236160000044265e+03
1.551236410000044316e+03
1.551236660000044367e+03
1.551236910000044418e+03
1.551237160000044469e+03
1.551237410000044520e+03
1.551237660000044571e+03
1.551237910000044621e+03
1.551238160000044672e+03
1.551238410000044723e+03
1.551238660000044774e+03
1.551238910000044825e+03
1.551239160000044876e+03
1.551239410000044927e+03
1.551239660000044978e+03
1.551239910000045029e+03
1.551240160000045080e+03
1.551240410000045131e+03
1.551240660000045182e+03
1.551240910000045233e+03
1.551241160000045284e+03
1.551241410000045335e+03
1.551241660000045385e+03
1.551241910000045436e+03
1.551242160000045487e+03
1.551242410000045538e+03
1.551242660000045589e+03
1.551242910000045640e+03
1.551243160000045691e+03
1.551243410000045742e+03
1.551243660000045793e+03
1.551243910000045844e+03
1.551244160000045895e+03
1.551244410000045946e+03
1.551244660000045997e+03
1.551244910000046048e+03
1.551245160000046099e+03
1.551245410000046149e+03
1.551245660000046200e+03
1.551245910000046251e+03
1.551246160000046302e+03
1.551246410000046353e+03
1.551246660000046404e+03
1.551246910000046455e+03
1.551247160000046506e+03
1.551247410000046557e+03
1.551247660000046608e+03
1.551247910000046659e+03
1.551248160000046710e+03
1.551248410000046761e+03
1.551248660000046812e+03
1.551248910000046862e+03
1.551249160000046913e+03
1.551249410000046964e+03
1.551249660000047015e+03
1.551249910000047066e+03
1.551250160000047117e+03
1.551250410000047168e+03
1.551250660000047219e+03
1.551250910000047270e+03
1.551251160000047321e+03
1.551251410000047372e+03
1.551251660000047423e+03
1.551251910000047474e+03
1.551252160000047525e+03
1.551252410000047576e+03
1.551252660000047626e+03
1.551252910000047677e+03
1.551253160000047728e+03
1.551253410000047779e+03
1.551253660000047830e+03
1.551253910000047881e+03
1.551254160000047932e+03
1.551254410000047983e+03
1.551254660000048034e+03
1.551254910000048085e+03
1.551255160000048136e+03
1.551255410000048187e+03
1.551255660000048238e+03
1.551255910000048289e+03
1.551256160000048339e+03
1.551256410000048390e+03
1.551256660000048441e+03
1.551256910000048492e+03
1.551257160000048543e+03
1.551257410000048594e+03
1.551257660000048645e+03
1.551257910000048696e+03
1.551258160000048747e+03
1.551258410000048798e+03
1.551258660000048849e+03
1.551258910000048900e+03
1.551259160000048951e+03
1.551259410000049002e+03
1.551259660000049053e+03
1.551259910000049103e+03
1.551260160000049154e+03
1.551260410000049205e+03
1.551260660000049256e+03
1.551260910000049307e+03
1.551261160000049358e+03
1.551261410000049409e+03
1.551261660000049460e+03
1.551261910000049511e+03
1.551262160000049562e+03
1.551262410000049613e+03
1.551262660000049664e+03
1.551262910000049715e+03
1.551263160000049766e+03
1.551263410000049817e+03
1.551263660000049867e+03
1.551263910000049918e+03
1.551264160000049969e+03
1.551264410000050020e+03
1.551264660000050071e+03
1.551264910000050122e+03
1.551265160000050173e+03
1.551265410000050224e+03
1.551265660000050275e+03
1.551265910000050326e+03
1.551266160000050377e+03
1.551266410000050428e+03
1.551266660000050479e+03
1.551266910000050530e+03
1.551267160000050580e+03
1.551267410000050631e+03
1.551267660000050682e+03
1.551267910000050733e+03
1.551268160000050784e+03
1.551268410000050835e+03
1.551268660000050886e+03
1.551268910000050937e+03
1.551269160000050988e+03
1.551269410000051039e+03
1.551269660000051090e+03
1.551269910000051141e+03
1.551270160000051192e+03
1.551270410000051243e+03
1.551270660000051294e+03
1.551270910000051344e+03
1.551271160000051395e+03
1.551271410000051446e+03
1.551271660000051497e+03
1.551271910000051548e+03
1.551272160000051599e+03
1.551272410000051650e+03
1.551272660000051701e+03
1.551272910000051752e+03
1.551273160000051803e+03
1.551273410000051854e+03
1.551273660000051905e+03
1.551273910000051956e+03
1.551274160000052007e+03
1.551274410000052058e+03
1.551274660000052108e+03
1.551274910000052159e+03
1.551275160000052210e+03
1.551275410000052261e+03
1.551275660000052312e+03
1.551275910000052363e+03
1.551276160000052414e+03
1.551276410000052465e+03
1.551276660000052516e+03
1.551276910000052567e+03
1.551277160000052618e+03
1.551277410000052669e+03
1.551277660000052720e+03
1.551277910000052771e+03
1.551278160000052821e+03
1.551278410000052872e+03
1.551278660000052923e+03
1.551278910000052974e+03
1.551279160000053025e+03
1.551279410000053076e+03
1.551279660000053127e+03
1.551279910000053178e+03
1.551280160000053229e+03
1.551280410000053280e+03
1.551280660000053331e+03
1.551280910000053382e+03
1.551281160000053433e+03
1.551281410000053484e+03
1.551281660000053535e+03
1.551281910000053585e+03
1.551282160000053636e+03
1.551282410000053687e+03
1.551282660000053738e+03
1.551282910000053789e+03
1.551283160000053840e+03
1.551283410000053891e+03
1.551283660000053942e+03
1.551283910000053993e+03
1.551284160000054044e+03
1.551284410000054095e+03
1.551284660000054146e+03
1.551284910000054197e+03
1.551285160000054248e+03
1.551285410000054299e+03
1.551285660000054349e+03
1.551285910000054400e+03
1.551286160000054451e+03
1.551286410000054502e+03
1.551286660000054553e+03
1.551286910000054604e+03
1.551287160000054655e+03
1.551287410000054706e+03
1.551287660000054757e+03
1.551287910000054808e+03
1.551288160000054859e+03
1.551288410000054910e+03
1.551288660000054961e+03
1.551288910000055012e+03
1.551289160000055062e+03
1.551289410000055113e+03
1.551289660000055164e+03
1.551289910000055215e+03
1.551290160000055266e+03
1.551290410000055317e+03
1.551290660000055368e+03
1.551290910000055419e+03
1.551291160000055470e+03
1.551291410000055521e+03
1.551291660000055572e+03
1.551291910000055623e+03
1.551292160000055674e+03
1.551292410000055725e+03
1.551292660000055776e+03
1.551292910000055826e+03
1.551293160000055877e+03
1.551293410000055928e+03
1.551293660000055979e+03
1.551293910000056030e+03
1.551294160000056081e+03
1.551294410000056132e+03
1.551294660000056183e+03
1.551294910000056234e+03
1.551295160000056285e+03
1.551295410000056336e+03
1.551295660000056387e+03
1.551295910000056438e+03
1.551296160000056489e+03
1.551296410000056540e+03
1.551296660000056590e+03
1.551296910000056641e+03
1.551297160000056692e+03
1.551297410000056743e+03
1.551297660000056794e+03
1.551297910000056845e+03
1.551298160000056896e+03
1.551298410000056947e+03
1.551298660000056998e+03
1.551298910000057049e+03
1.551299160000057100e+03
1.551299410000057151e+03
1.551299660000057202e+03
1.551299910000057253e+03
1.551300160000057303e+03
1.551300410000057354e+03
1.551300660000057405e+03
1.551300910000057456e+03
1.551301160000057507e+03
1.551301410000057558e+03
1.551301660000057609e+03
1.551301910000057660e+03
1.551302160000057711e+03
1.551302410000057762e+03
1.551302660000057813e+03
1.551302910000057864e+03
1.551303160000057915e+03
1.551303410000057966e+03
1.551303660000058017e+03
1.551303910000058067e+03
1.551304160000058118e+03
1.551304410000058169e+03
1.551304660000058220e+03
1.551304910000058271e+03
1.551305160000058322e+03
1.551305410000058373e+03
1.551305660000058424e+03
1.551305910000058475e+03
1.551306160000058526e+03
1.551306410000058577e+03
1.551306660000058628e+03
1.551306910000058679e+03
1.551307160000058730e+03
1.551307410000058780e+03
1.551307660000058831e+03
1.551307910000058882e+03
1.551308160000058933e+03
1.551308410000058984e+03
1.551308660000059035e+03
1.551308910000059086e+03
1.551309160000059137e+03
1.551309410000059188e+03
1.551309660000059239e+03
1.551309910000059290e+03
1.551310160000059341e+03
1.551310410000059392e+03
1.551310660000059443e+03
1.551310910000059494e+03
1.551311160000059544e+03
1.551311410000059595e+03
1.551311660000059646e+03
1.551311910000059697e+03
1.551312160000059748e+03
1.551312410000059799e+03
1.551312660000059850e+03
1.551312910000059901e+03
1.551313160000059952e+03
1.551313410000060003e+03
1.551313660000060054e+03
1.551313910000060105e+03
1.551314160000060156e+03
1.551314410000060207e+03
1.551314660000060258e+03
1.551314910000060308e+03
1.551315160000060359e+03
1.551315410000060410e+03
1.551315660000060461e+03
1.551315910000060512e+03
1.551316160000060563e+03
1.551316410000060614e+03
1.551316660000060665e+03
1.551316910000060716e+03
1.551317160000060767e+03
1.551317410000060818e+03
1.551317660000060869e+03
1.551317910000060920e+03
1.551318160000060971e+03
1.551318410000061021e+03
1.551318660000061072e+03
1.551318910000061123e+03
1.551319160000061174e+03
1.551319410000061225e+03
1.551319660000061276e+03
1.551319910000061327e+03
1.551320160000061378e+03
1.551320410000061429e+03
1.551320660000061480e+03
1.551320910000061531e+03
1.551321160000061582e+03
1.551321410000061633e+03
1.551321660000061684e+03
1.551321910000061735e+03
1.551322160000061785e+03
1.551322410000061836e+03
1.551322660000061887e+03
1.551322910000061938e+03
1.551323160000061989e+03
1.551323410000062040e+03
1.551323660000062091e+03
1.551323910000062142e+03
1.551324160000062193e+03
1.551324410000062244e+03
1.551324660000062295e+03
1.551324910000062346e+03
1.551325160000062397e+03
1.551325410000062448e+03
1.551325660000062499e+03
1.551325910000062549e+03
1.551326160000062600e+03
1.551326410000062651e+03
1.551326660000062702e+03
1.551326910000062753e+03
1.551327160000062804e+03
1.551327410000062855e+03
1.551327660000062906e+03
1.551327910000062957e+03
1.551328160000063008e+03
1.551328410000063059e+03
1.551328660000063110e+03
1.551328910000063161e+03
1.551329160000063212e+03
1.551329410000063262e+03
1.551329660000063313e+03
1.551329910000063364e+03
1.551330160000063415e+03
1.551330410000063466e+03
1.551330660000063517e+03
1.551330910000063568e+03
1.551331160000063619e+03
1.551331410000063670e+03
1.551331660000063721e+03
1.551331910000063772e+03
1.551332160000063823e+03
1.551332410000063874e+03
1.551332660000063925e+03
1.551332910000063976e+03
1.551333160000064026e+03
1.551333410000064077e+03
1.551333660000064128e+03
1.551333910000064179e+03
1.551334160000064230e+03
1.551334410000064281e+03
1.551334660000064332e+03
1.551334910000064383e+03
1.551335160000064434e+03
1.551335410000064485e+03
1.551335660000064536e+03
1.551335910000064587e+03
1.551336160000064638e+03
1.551336410000064689e+03
1.551336660000064740e+03
1.551336910000064790e+03
1.551337160000064841e+03
1.551337410000064892e+03
1.551337660000064943e+03
1.551337910000064994e+03
1.551338160000065045e+03
1.551338410000065096e+03
1.551338660000065147e+03
1.551338910000065198e+03
1.551339160000065249e+03
1.551339410000065300e+03
1.551339660000065351e+03
1.551339910000065402e+03
1.551340160000065453e+03
1.551340410000065503e+03
1.551340660000065554e+03
1.551340910000065605e+03
1.551341160000065656e+03
1.551341410000065707e+03
1.551341660000065758e+03
1.551341910000065809e+03
1.551342160000065860e+03
1.551342410000065911e+03
1.551342660000065962e+03
1.551342910000066013e+03
1.551343160000066064e+03
1.551343410000066115e+03
1.551343660000066166e+03
1.551343910000066217e+03
1.551344160000066267e+03
1.551344410000066318e+03
1.551344660000066369e+03
1.551344910000066420e+03
1.551345160000066471e+03
1.551345410000066522e+03
1.551345660000066573e+03
1.551345910000066624e+03
1.551346160000066675e+03
1.551346410000066726e+03
1.551346660000066777e+03
1.551346910000066828e+03
1.551347160000066879e+03
1.551347410000066930e+03
1.551347660000066981e+03
1.551347910000067031e+03
1.551348160000067082e+03
1.551348410000067133e+03
1.551348660000067184e+03
1.551348910000067235e+03
1.551349160000067286e+03
1.551349410000067337e+03
1.551349660000067388e+03
1.551349910000067439e+03
1.551350160000067490e+03
1.551350410000067541e+03
1.551350660000067592e+03
1.551350910000067643e+03
1.551351160000067694e+03
1.551351410000067744e+03
1.551351660000067795e+03
1.551351910000067846e+03
1.551352160000067897e+03
1.551352410000067948e+03
1.551352660000067999e+03
1.551352910000068050e+03
1.551353160000068101e+03
1.551353410000068152e+03
1.551353660000068203e+03
1.551353910000068254e+03
1.551354160000068305e+03
1.551354410000068356e+03
1.551354660000068407e+03
1.551354910000068458e+03
1.551355160000068508e+03
1.551355410000068559e+03
1.551355660000068610e+03
1.551355910000068661e+03
1.551356160000068712e+03
1.551356410000068763e+03
1.551356660000068814e+03
1.551356910000068865e+03
1.551357160000068916e+03
1.551357410000068967e+03
1.551357660000069018e+03
1.551357910000069069e+03
1.551358160000069120e+03
1.551358410000069171e+03
1.551358660000069221e+03
1.551358910000069272e+03
1.551359160000069323e+03
1.551359410000069374e+03
1.551359660000069425e+03
1.551359910000069476e+03
1.551360160000069527e+03
1.551360410000069578e+03
1.551360660000069629e+03
1.551360910000069680e+03
1.551361160000069731e+03
1.551361410000069782e+03
1.551361660000069833e+03
1.551361910000069884e+03
1.551362160000069935e+03
1.551362410000069985e+03
1.551362660000070036e+03
1.551362910000070087e+03
1.551363160000070138e+03
1.551363410000070189e+03
1.551363660000070240e+03
1.551363910000070291e+03
1.551364160000070342e+03
1.551364410000070393e+03
1.551364660000070444e+03
1.551364910000070495e+03
1.551365160000070546e+03
1.551365410000070597e+03
1.551365660000070648e+03
1.551365910000070699e+03
1.551366160000070749e+03
1.551366410000070800e+03
1.551366660000070851e+03
1.551366910000070902e+03
1.551367160000070953e+03
1.551367410000071004e+03
1.551367660000071055e+03
1.551367910000071106e+03
1.551368160000071157e+03
1.551368410000071208e+03
1.551368660000071259e+03
1.551368910000071310e+03
1.551369160000071361e+03
1.551369410000071412e+03
1.551369660000071462e+03
1.551369910000071513e+03
1.551370160000071564e+03
1.551370410000071615e+03
1.551370660000071666e+03
1.551370910000071717e+03
1.551371160000071768e+03
1.551371410000071819e+03
1.551371660000071870e+03
1.551371910000071921e+03
1.551372160000071972e+03
1.551372410000072023e+03
1.551372660000072074e+03
1.551372910000072125e+03
1.551373160000072176e+03
1.551373410000072226e+03
1.551373660000072277e+03
1.551373910000072328e+03
1.551374160000072379e+03
1.551374410000072430e+03
1.551374660000072481e+03
1.551374910000072532e+03
1.551375160000072583e+03
1.551375410000072634e+03
1.551375660000072685e+03
1.551375910000072736e+03
1.551376160000072787e+03
1.551376410000072838e+03
1.551376660000072889e+03
1.551376910000072940e+03
1.551377160000072990e+03
1.551377410000073041e+03
1.551377660000073092e+03
1.551377910000073143e+03
1.551378160000073194e+03
1.551378410000073245e+03
1.551378660000073296e+03
1.551378910000073347e+03
1.551379160000073398e+03
1.551379410000073449e+03
1.551379660000073500e+03
1.551379910000073551e+03
1.551380160000073602e+03
1.551380410000073653e+03
1.551380660000073703e+03
1.551380910000073754e+03
1.551381160000073805e+03
1.551381410000073856e+03
1.551381660000073907e+03
1.551381910000073958e+03
1.551382160000074009e+03
1.551382410000074060e+03
1.551382660000074111e+03
1.551382910000074162e+03
1.551383160000074213e+03
1.551383410000074264e+03
1.551383660000074315e+03
1.551383910000074366e+03
1.551384160000074417e+03
1.551384410000074467e+03
1.551384660000074518e+03
1.551384910000074569e+03
1.551385160000074620e+03
1.551385410000074671e+03
1.551385660000074722e+03
1.551385910000074773e+03
1.551386160000074824e+03
1.551386410000074875e+03
1.551386660000074926e+03
1.551386910000074977e+03
1.551387160000075028e+03
1.551387410000075079e+03
1.551387660000075130e+03
1.551387910000075181e+03
1.551388160000075231e+03
1.551388410000075282e+03
1.551388660000075333e+03
1.551388910000075384e+03
1.551389160000075435e+03
1.551389410000075486e+03
1.551389660000075537e+03
1.551389910000075588e+03
1.551390160000075639e+03
1.551390410000075690e+03
1.551390660000075741e+03
1.551390910000075792e+03
1.551391160000075843e+03
1.551391410000075894e+03
1.551391660000075944e+03
1.551391910000075995e+03
1.551392160000076046e+03
1.551392410000076097e+03
1.551392660000076148e+03
1.551392910000076199e+03
1.551393160000076250e+03
1.551393410000076301e+03
1.551393660000076352e+03
1.551393910000076403e+03
1.551394160000076454e+03
1.551394410000076505e+03
1.551394660000076556e+03
1.551394910000076607e+03
1.551395160000076658e+03
1.551395410000076708e+03
1.551395660000076759e+03
1.551395910000076810e+03
1.551396160000076861e+03
1.551396410000076912e+03
1.551396660000076963e+03
1.551396910000077014e+03
1.551397160000077065e+03
1.551397410000077116e+03
1.551397660000077167e+03
1.551397910000077218e+03
1.551398160000077269e+03
1.551398410000077320e+03
1.551398660000077371e+03
1.551398910000077422e+03
1.551399160000077472e+03
1.551399410000077523e+03
1.551399660000077574e+03
1.551399910000077625e+03
1.551400160000077676e+03
1.551400410000077727e+03
1.551400660000077778e+03
1.551400910000077829e+03
1.551401160000077880e+03
1.551401410000077931e+03
1.551401660000077982e+03
1.551401910000078033e+03
1.551402160000078084e+03
1.551402410000078135e+03
1.551402660000078185e+03
1.551402910000078236e+03
1.551403160000078287e+03
1.551403410000078338e+03
1.551403660000078389e+03
1.551403910000078440e+03
1.551404160000078491e+03
1.551404410000078542e+03
1.551404660000078593e+03
1.551404910000078644e+03
1.551405160000078695e+03
1.551405410000078746e+03
1.551405660000078797e+03
1.551405910000078848e+03
1.551406160000078899e+03
1.551406410000078949e+03
1.551406660000079000e+03
1.551406910000079051e+03
1.551407160000079102e+03
1.551407410000079153e+03
1.551407660000079204e+03
1.551407910000079255e+03
1.551408160000079306e+03
1.551408410000079357e+03
1.551408660000079408e+03
1.551408910000079459e+03
1.551409160000079510e+03
1.551409410000079561e+03
1.551409660000079612e+03
1.551409910000079662e+03
1.551410160000079713e+03
1.551410410000079764e+03
1.551410660000079815e+03
1.551410910000079866e+03
1.551411160000079917e+03
1.551411410000079968e+03
1.551411660000080019e+03
1.551411910000080070e+03
1.551412160000080121e+03
1.551412410000080172e+03
1.551412660000080223e+03
1.551412910000080274e+03
1.551413160000080325e+03
1.551413410000080376e+03
1.551413660000080426e+03
1.551413910000080477e+03
1.551414160000080528e+03
1.551414410000080579e+03
1.551414660000080630e+03
1.551414910000080681e+03
1.551415160000080732e+03
1.551415410000080783e+03
1.551415660000080834e+03
1.551415910000080885e+03
1.551416160000080936e+03
1.551416410000080987e+03
1.551416660000081038e+03
1.551416910000081089e+03
1.551417160000081140e+03
1.551417410000081190e+03
1.551417660000081241e+03
1.551417910000081292e+03
1.551418160000081343e+03
1.551418410000081394e+03
1.551418660000081445e+03
1.551418910000081496e+03
1.551419160000081547e+03
1.551419410000081598e+03
1.551419660000081649e+03
1.551419910000081700e+03
1.551420160000081751e+03
1.551420410000081802e+03
1.551420660000081853e+03
1.551420910000081903e+03
1.551421160000081954e+03
1.551421410000082005e+03
1.551421660000082056e+03
1.551421910000082107e+03
1.551422160000082158e+03
1.551422410000082209e+03
1.551422660000082260e+03
1.551422910000082311e+03
1.551423160000082362e+03
1.551423410000082413e+03
1.551423660000082464e+03
1.551423910000082515e+03
1.551424160000082566e+03
1.551424410000082617e+03
1.551424660000082667e+03
1.551424910000082718e+03
1.551425160000082769e+03
1.551425410000082820e+03
1.551425660000082871e+03
1.551425910000082922e+03
1.551426160000082973e+03
1.551426410000083024e+03
1.551426660000083075e+03
1.551426910000083126e+03
1.551427160000083177e+03
1.551427410000083228e+03
1.551427660000083279e+03
1.551427910000083330e+03
1.551428160000083381e+03
1.551428410000083431e+03
1.551428660000083482e+03
1.551428910000083533e+03
1.551429160000083584e+03
1.551429410000083635e+03
1.551429660000083686e+03
1.551429910000083737e+03
1.551430160000083788e+03
1.551430410000083839e+03
1.551430660000083890e+03
1.551430910000083941e+03
1.551431160000083992e+03
1.551431410000084043e+03
1.551431660000084094e+03
1.551431910000084144e+03
1.551432160000084195e+03
1.551432410000084246e+03
1.551432660000084297e+03
1.551432910000084348e+03
1.551433160000084399e+03
1.551433410000084450e+03
1.551433660000084501e+03
1.551433910000084552e+03
1.551434160000084603e+03
1.551434410000084654e+03
1.551434660000084705e+03
1.551434910000084756e+03
1.551435160000084807e+03
1.551435410000084858e+03
1.551435660000084908e+03
1.551435910000084959e+03
1.551436160000085010e+03
1.551436410000085061e+03
1.551436660000085112e+03
1.551436910000085163e+03
1.551437160000085214e+03
1.551437410000085265e+03
1.551437660000085316e+03
1.551437910000085367e+03
1.551438160000085418e+03
1.551438410000085469e+03
1.551438660000085520e+03
1.551438910000085571e+03
1.551439160000085622e+03
1.551439410000085672e+03
1.551439660000085723e+03
1.551439910000085774e+03
1.551440160000085825e+03
1.551440410000085876e+03
1.551440660000085927e+03
1.551440910000085978e+03
1.551441160000086029e+03
1.551441410000086080e+03
1.551441660000086131e+03
1.551441910000086182e+03
1.551442160000086233e+03
1.551442410000086284e+03
1.551442660000086335e+03
1.551442910000086385e+03
1.551443160000086436e+03
1.551443410000086487e+03
1.551443660000086538e+03
1.551443910000086589e+03
1.551444160000086640e+03
1.551444410000086691e+03
1.551444660000086742e+03
1.551444910000086793e+03
1.551445160000086844e+03
1.551445410000086895e+03
1.551445660000086946e+03
1.551445910000086997e+03
1.551446160000087048e+03
1.551446410000087099e+03
1.551446660000087149e+03
1.551446910000087200e+03
1.551447160000087251e+03
1.551447410000087302e+03
1.551447660000087353e+03
1.551447910000087404e+03
1.551448160000087455e+03
1.551448410000087506e+03
1.551448660000087557e+03
1.551448910000087608e+03
1.551449160000087659e+03
1.551449410000087710e+03
1.551449660000087761e+03
1.551449910000087812e+03
1.551450160000087862e+03
1.551450410000087913e+03
1.551450660000087964e+03
1.551450910000088015e+03
1.551451160000088066e+03
1.551451410000088117e+03
1.551451660000088168e+03
1.551451910000088219e+03
1.551452160000088270e+03
1.551452410000088321e+03
1.551452660000088372e+03
1.551452910000088423e+03
1.551453160000088474e+03
1.551453410000088525e+03
1.551453660000088576e+03
1.551453910000088626e+03
1.551454160000088677e+03
1.551454410000088728e+03
1.551454660000088779e+03
1.551454910000088830e+03
1.551455160000088881e+03
1.551455410000088932e+03
1.551455660000088983e+03
1.551455910000089034e+03
1.551456160000089085e+03
1.551456410000089136e+03
1.551456660000089187e+03
1.551456910000089238e+03
1.551457160000089289e+03
1.551457410000089340e+03
1.551457660000089390e+03
1.551457910000089441e+03
1.551458160000089492e+03
1.551458410000089543e+03
1.551458660000089594e+03
1.551458910000089645e+03
1.551459160000089696e+03
1.551459410000089747e+03
1.551459660000089798e+03
1.551459910000089849e+03
1.551460160000089900e+03
1.551460410000089951e+03
1.551460660000090002e+03
1.551460910000090053e+03
1.551461160000090103e+03
1.551461410000090154e+03
1.551461660000090205e+03
1.551461910000090256e+03
1.551462160000090307e+03
1.551462410000090358e+03
1.551462660000090409e+03
1.551462910000090460e+03
1.551463160000090511e+03
1.551463410000090562e+03
1.551463660000090613e+03
1.551463910000090664e+03
1.551464160000090715e+03
1.551464410000090766e+03
1.551464660000090817e+03
1.551464910000090867e+03
1.551465160000090918e+03
1.551465410000090969e+03
1.551465660000091020e+03
1.551465910000091071e+03
1.551466160000091122e+03
1.551466410000091173e+03
1.551466660000091224e+03
1.551466910000091275e+03
1.551467160000091326e+03
1.551467410000091377e+03
1.551467660000091428e+03
1.551467910000091479e+03
1.551468160000091530e+03
1.551468410000091581e+03
1.551468660000091631e+03
1.551468910000091682e+03
1.551469160000091733e+03
1.551469410000091784e+03
1.551469660000091835e+03
1.551469910000091886e+03
1.551470160000091937e+03
1.551470410000091988e+03
1.551470660000092039e+03
1.551470910000092090e+03
1.551471160000092141e+03
1.551471410000092192e+03
1.551471660000092243e+03
1.551471910000092294e+03
1.551472160000092344e+03
1.551472410000092395e+03
1.551472660000092446e+03
1.551472910000092497e+03
1.551473160000092548e+03
1.551473410000092599e+03
1.551473660000092650e+03
1.551473910000092701e+03
1.551474160000092752e+03
1.551474410000092803e+03
1.551474660000092854e+03
1.551474910000092905e+03
1.551475160000092956e+03
1.551475410000093007e+03
1.551475660000093058e+03
1.551475910000093108e+03
1.551476160000093159e+03
1.551476410000093210e+03
1.551476660000093261e+03
1.551476910000093312e+03
1.551477160000093363e+03
1.551477410000093414e+03
1.551477660000093465e+03
1.551477910000093516e+03
1.551478160000093567e+03
1.551478410000093618e+03
1.551478660000093669e+03
1.551478910000093720e+03
1.551479160000093771e+03
1.551479410000093822e+03
1.551479660000093872e+03
1.551479910000093923e+03
1.551480160000093974e+03
1.551480410000094025e+03
1.551480660000094076e+03
1.551480910000094127e+03
1.551481160000094178e+03
1.551481410000094229e+03
1.551481660000094280e+03
1.551481910000094331e+03
1.551482160000094382e+03
1.551482410000094433e+03
1.551482660000094484e+03
1.551482910000094535e+03
1.551483160000094585e+03
1.551483410000094636e+03
1.551483660000094687e+03
1.551483910000094738e+03
1.551484160000094789e+03
1.551484410000094840e+03
1.551484660000094891e+03
1.551484910000094942e+03
1.551485160000094993e+03
1.551485410000095044e+03
1.551485660000095095e+03
1.551485910000095146e+03
1.551486160000095197e+03
1.551486410000095248e+03
1.551486660000095299e+03
1.551486910000095349e+03
1.551487160000095400e+03
1.551487410000095451e+03
1.551487660000095502e+03
1.551487910000095553e+03
1.551488160000095604e+03
1.551488410000095655e+03
1.551488660000095706e+03
1.551488910000095757e+03
1.551489160000095808e+03
1.551489410000095859e+03
1.551489660000095910e+03
1.551489910000095961e+03
1.551490160000096012e+03
1.551490410000096063e+03
1.551490660000096113e+03
1.551490910000096164e+03
1.551491160000096215e+03
1.551491410000096266e+03
1.551491660000096317e+03
1.551491910000096368e+03
1.551492160000096419e+03
1.551492410000096470e+03
1.551492660000096521e+03
1.551492910000096572e+03
1.551493160000096623e+03
1.551493410000096674e+03
1.551493660000096725e+03
1.551493910000096776e+03
1.551494160000096826e+03
1.551494410000096877e+03
1.551494660000096928e+03
1.551494910000096979e+03
1.551495160000097030e+03
1.551495410000097081e+03
1.551495660000097132e+03
1.551495910000097183e+03
1.551496160000097234e+03
1.551496410000097285e+03
1.551496660000097336e+03
1.551496910000097387e+03
1.551497160000097438e+03
1.551497410000097489e+03
1.551497660000097540e+03
1.551497910000097590e+03
1.551498160000097641e+03
1.551498410000097692e+03
1.551498660000097743e+03
1.551498910000097794e+03
1.551499160000097845e+03
1.551499410000097896e+03
1.551499660000097947e+03
1.551499910000097998e+03
1.551500160000098049e+03
1.551500410000098100e+03
1.551500660000098151e+03
1.551500910000098202e+03
1.551501160000098253e+03
1.551501410000098303e+03
1.551501660000098354e+03
1.551501910000098405e+03
1.551502160000098456e+03
1.551502410000098507e+03
1.551502660000098558e+03
1.551502910000098609e+03
1.551503160000098660e+03
1.551503410000098711e+03
1.551503660000098762e+03
1.551503910000098813e+03
1.551504160000098864e+03
1.551504410000098915e+03
1.551504660000098966e+03
1.551504910000099017e+03
1.551505160000099067e+03
1.551505410000099118e+03
1.551505660000099169e+03
1.551505910000099220e+03
1.551506160000099271e+03
1.551506410000099322e+03
1.551506660000099373e+03
1.551506910000099424e+03
1.551507160000099475e+03
1.551507410000099526e+03
1.551507660000099577e+03
1.551507910000099628e+03
1.551508160000099679e+03
1.551508410000099730e+03
1.551508660000099781e+03
1.551508910000099831e+03
1.551509160000099882e+03
1.551509410000099933e+03
1.551509660000099984e+03
1.551509910000100035e+03
1.551510160000100086e+03
1.551510410000100137e+03
1.551510660000100188e+03
1.551510910000100239e+03
1.551511160000100290e+03
1.551511410000100341e+03
1.551511660000100392e+03
1.551511910000100443e+03
1.551512160000100494e+03
1.551512410000100544e+03
1.551512660000100595e+03
1.551512910000100646e+03
1.551513160000100697e+03
1.551513410000100748e+03
1.551513660000100799e+03
1.551513910000100850e+03
1.551514160000100901e+03
1.551514410000100952e+03
1.551514660000101003e+03
1.551514910000101054e+03
1.551515160000101105e+03
1.551515410000101156e+03
1.551515660000101207e+03
1.551515910000101258e+03
1.551516160000101308e+03
1.551516410000101359e+03
1.551516660000101410e+03
1.551516910000101461e+03
1.551517160000101512e+03
1.551517410000101563e+03
1.551517660000101614e+03
1.551517910000101665e+03
1.551518160000101716e+03
1.551518410000101767e+03
1.551518660000101818e+03
1.551518910000101869e+03
1.551519160000101920e+03
1.551519410000101971e+03
1.551519660000102022e+03
1.551519910000102072e+03
1.551520160000102123e+03
1.551520410000102174e+03
1.551520660000102225e+03
1.551520910000102276e+03
1.551521160000102327e+03
1.551521410000102378e+03
1.551521660000102429e+03
1.551521910000102480e+03
1.551522160000102531e+03
1.551522410000102582e+03
1.551522660000102633e+03
1.551522910000102684e+03
1.551523160000102735e+03
1.551523410000102785e+03
1.551523660000102836e+03
1.551523910000102887e+03
1.551524160000102938e+03
1.551524410000102989e+03
1.551524660000103040e+03
1.551524910000103091e+03
1.551525160000103142e+03
1.551525410000103193e+03
1.551525660000103244e+03
1.551525910000103295e+03
1.551526160000103346e+03
1.551526410000103397e+03
1.551526660000103448e+03
1.551526910000103499e+03
1.551527160000103549e+03
1.551527410000103600e+03
1.551527660000103651e+03
1.551527910000103702e+03
1.551528160000103753e+03
1.551528410000103804e+03
1.551528660000103855e+03
1.551528910000103906e+03
1.551529160000103957e+03
1.551529410000104008e+03
1.551529660000104059e+03
1.551529910000104110e+03
1.551530160000104161e+03
1.551530410000104212e+03
1.551530660000104263e+03
1.551530910000104313e+03
1.551531160000104364e+03
1.551531410000104415e+03
1.551531660000104466e+03
1.551531910000104517e+03
1.551532160000104568e+03
1.551532410000104619e+03
1.551532660000104670e+03
1.551532910000104721e+03
1.551533160000104772e+03
1.551533410000104823e+03
1.551533660000104874e+03
1.551533910000104925e+03
1.551534160000104976e+03
1.551534410000105026e+03
1.551534660000105077e+03
1.551534910000105128e+03
1.551535160000105179e+03
1.551535410000105230e+03
1.551535660000105281e+03
1.551535910000105332e+03
1.551536160000105383e+03
1.551536410000105434e+03
1.551536660000105485e+03
1.551536910000105536e+03
1.551537160000105587e+03
1.551537410000105638e+03
1.551537660000105689e+03
1.551537910000105740e+03
1.551538160000105790e+03
1.551538410000105841e+03
1.551538660000105892e+03
1.551538910000105943e+03
1.551539160000105994e+03
1.551539410000106045e+03
1.551539660000106096e+03
1.551539910000106147e+03
1.551540160000106198e+03
1.551540410000106249e+03
1.551540660000106300e+03
1.551540910000106351e+03
1.551541160000106402e+03
1.551541410000106453e+03
1.551541660000106504e+03
1.551541910000106554e+03
1.551542160000106605e+03
1.551542410000106656e+03
1.551542660000106707e+03
1.551542910000106758e+03
1.551543160000106809e+03
1.551543410000106860e+03
1.551543660000106911e+03
1.551543910000106962e+03
1.551544160000107013e+03
1.551544410000107064e+03
1.551544660000107115e+03
1.551544910000107166e+03
1.551545160000107217e+03
1.551545410000107267e+03
1.551545660000107318e+03
1.551545910000107369e+03
1.551546160000107420e+03
1.551546410000107471e+03
1.551546660000107522e+03
1.551546910000107573e+03
1.551547160000107624e+03
1.551547410000107675e+03
1.551547660000107726e+03
1.551547910000107777e+03
1.551548160000107828e+03
1.551548410000107879e+03
1.551548660000107930e+03
1.551548910000107981e+03
1.551549160000108031e+03
1.551549410000108082e+03
1.551549660000108133e+03
1.551549910000108184e+03
1.551550160000108235e+03
1.551550410000108286e+03
1.551550660000108337e+03
1.551550910000108388e+03
1.551551160000108439e+03
1.551551410000108490e+03
1.551551660000108541e+03
1.551551910000108592e+03
1.551552160000108643e+03
1.551552410000108694e+03
1.551552660000108744e+03
1.551552910000108795e+03
1.551553160000108846e+03
1.551553410000108897e+03
1.551553660000108948e+03
1.551553910000108999e+03
1.551554160000109050e+03
1.551554410000109101e+03
1.551554660000109152e+03
1.551554910000109203e+03
1.551555160000109254e+03
1.551555410000109305e+03
1.551555660000109356e+03
1.551555910000109407e+03
1.551556160000109458e+03
1.551556410000109508e+03
1.551556660000109559e+03
1.551556910000109610e+03
1.551557160000109661e+03
1.551557410000109712e+03
1.551557660000109763e+03
1.551557910000109814e+03
1.551558160000109865e+03
1.551558410000109916e+03
1.551558660000109967e+03
1.551558910000110018e+03
1.551559160000110069e+03
1.551559410000110120e+03
1.551559660000110171e+03
1.551559910000110222e+03
1.551560160000110272e+03
1.551560410000110323e+03
1.551560660000110374e+03
1.551560910000110425e+03
1.551561160000110476e+03
1.551561410000110527e+03
1.551561660000110578e+03
1.551561910000110629e+03
1.551562160000110680e+03
1.551562410000110731e+03
1.551562660000110782e+03
1.551562910000110833e+03
1.551563160000110884e+03
1.551563410000110935e+03
1.551563660000110985e+03
1.551563910000111036e+03
1.551564160000111087e+03
1.551564410000111138e+03
1.551564660000111189e+03
1.551564910000111240e+03
1.551565160000111291e+03
1.551565410000111342e+03
1.551565660000111393e+03
1.551565910000111444e+03
1.551566160000111495e+03
1.551566410000111546e+03
1.551566660000111597e+03
1.551566910000111648e+03
1.551567160000111699e+03
1.551567410000111749e+03
1.551567660000111800e+03
1.551567910000111851e+03
1.551568160000111902e+03
1.551568410000111953e+03
1.551568660000112004e+03
1.551568910000112055e+03
1.551569160000112106e+03
1.551569410000112157e+03
1.551569660000112208e+03
1.551569910000112259e+03
1.551570160000112310e+03
1.551570410000112361e+03
1.551570660000112412e+03
1.551570910000112463e+03
1.551571160000112513e+03
1.551571410000112564e+03
1.551571660000112615e+03
1.551571910000112666e+03
1.551572160000112717e+03
1.551572410000112768e+03
1.551572660000112819e+03
1.551572910000112870e+03
1.551573160000112921e+03
1.551573410000112972e+03
1.551573660000113023e+03
1.551573910000113074e+03
1.551574160000113125e+03
1.551574410000113176e+03
1.551574660000113226e+03
1.551574910000113277e+03
1.551575160000113328e+03
1.551575410000113379e+03
1.551575660000113430e+03
1.551575910000113481e+03
1.551576160000113532e+03
1.551576410000113583e+03
1.551576660000113634e+03
1.551576910000113685e+03
1.551577160000113736e+03
1.551577410000113787e+03
1.551577660000113838e+03
1.551577910000113889e+03
1.551578160000113940e+03
1.551578410000113990e+03
1.551578660000114041e+03
1.551578910000114092e+03
1.551579160000114143e+03
1.551579410000114194e+03
1.551579660000114245e+03
1.551579910000114296e+03
1.551580160000114347e+03
1.551580410000114398e+03
1.551580660000114449e+03
1.551580910000114500e+03
1.551581160000114551e+03
1.551581410000114602e+03
1.551581660000114653e+03
1.551581910000114704e+03
1.551582160000114754e+03
1.551582410000114805e+03
1.551582660000114856e+03
1.551582910000114907e+03
1.551583160000114958e+03
1.551583410000115009e+03
1.551583660000115060e+03
1.551583910000115111e+03
1.551584160000115162e+03
1.551584410000115213e+03
1.551584660000115264e+03
1.551584910000115315e+03
1.551585160000115366e+03
1.551585410000115417e+03
1.551585660000115467e+03
1.551585910000115518e+03
1.551586160000115569e+03
1.551586410000115620e+03
1.551586660000115671e+03
1.551586910000115722e+03
1.551587160000115773e+03
1.551587410000115824e+03
1.551587660000115875e+03
1.551587910000115926e+03
1.551588160000115977e+03
1.551588410000116028e+03
1.551588660000116079e+03
1.551588910000116130e+03
1.551589160000116181e+03
1.551589410000116231e+03
1.551589660000116282e+03
1.551589910000116333e+03
1.551590160000116384e+03
1.551590410000116435e+03
1.551590660000116486e+03
1.551590910000116537e+03
1.551591160000116588e+03
1.551591410000116639e+03
1.551591660000116690e+03
1.551591910000116741e+03
1.551592160000116792e+03
1.551592410000116843e+03
1.551592660000116894e+03
1.551592910000116945e+03
1.551593160000116995e+03
1.551593410000117046e+03
1.551593660000117097e+03
1.551593910000117148e+03
1.551594160000117199e+03
1.551594410000117250e+03
1.551594660000117301e+03
1.551594910000117352e+03
1.551595160000117403e+03
1.551595410000117454e+03
1.551595660000117505e+03
1.551595910000117556e+03
1.551596160000117607e+03
1.551596410000117658e+03
1.551596660000117708e+03
1.551596910000117759e+03
1.551597160000117810e+03
1.551597410000117861e+03
1.551597660000117912e+03
1.551597910000117963e+03
1.551598160000118014e+03
1.551598410000118065e+03
1.551598660000118116e+03
1.551598910000118167e+03
1.551599160000118218e+03
1.551599410000118269e+03
1.551599660000118320e+03
1.551599910000118371e+03
1.551600160000118422e+03
1.551600410000118472e+03
1.551600660000118523e+03
1.551600910000118574e+03
1.551601160000118625e+03
1.551601410000118676e+03
1.551601660000118727e+03
1.551601910000118778e+03
1.551602160000118829e+03
1.551602410000118880e+03
1.551602660000118931e+03
1.551602910000118982e+03
1.551603160000119033e+03
1.551603410000119084e+03
1.551603660000119135e+03
1.551603910000119185e+03
1.551604160000119236e+03
1.551604410000119287e+03
1.551604660000119338e+03
1.551604910000119389e+03
1.551605160000119440e+03
1.551605410000119491e+03
1.551605660000119542e+03
1.551605910000119593e+03
1.551606160000119644e+03
1.551606410000119695e+03
1.551606660000119746e+03
1.551606910000119797e+03
1.551607160000119848e+03
1.551607410000119899e+03
1.551607660000119949e+03
1.551607910000120000e+03
1.551608160000120051e+03
1.551608410000120102e+03
1.551608660000120153e+03
1.551608910000120204e+03
1.551609160000120255e+03
1.551609410000120306e+03
1.551609660000120357e+03
1.551609910000120408e+03
1.551610160000120459e+03
1.551610410000120510e+03
1.551610660000120561e+03
1.551610910000120612e+03
1.551611160000120663e+03
1.551611410000120713e+03
1.551611660000120764e+03
1.551611910000120815e+03
1.551612160000120866e+03
1.551612410000120917e+03
1.551612660000120968e+03
1.551612910000121019e+03
1.551613160000121070e+03
1.551613410000121121e+03
1.551613660000121172e+03
1.551613910000121223e+03
1.551614160000121274e+03
1.551614410000121325e+03
1.551614660000121376e+03
1.551614910000121426e+03
1.551615160000121477e+03
1.551615410000121528e+03
1.551615660000121579e+03
1.551615910000121630e+03
1.551616160000121681e+03
1.551616410000121732e+03
1.551616660000121783e+03
1.551616910000121834e+03
1.551617160000121885e+03
1.551617410000121936e+03
1.551617660000121987e+03
1.551617910000122038e+03
1.551618160000122089e+03
1.551618410000122140e+03
1.551618660000122190e+03
1.551618910000122241e+03
1.551619160000122292e+03
1.551619410000122343e+03
1.551619660000122394e+03
1.551619910000122445e+03
1.551620160000122496e+03
1.551620410000122547e+03
1.551620660000122598e+03
1.551620910000122649e+03
1.551621160000122700e+03
1.551621410000122751e+03
1.551621660000122802e+03
1.551621910000122853e+03
1.551622160000122904e+03
1.551622410000122954e+03
1.551622660000123005e+03
1.551622910000123056e+03
1.551623160000123107e+03
1.551623410000123158e+03
1.551623660000123209e+03
1.551623910000123260e+03
1.551624160000123311e+03
1.551624410000123362e+03
1.551624660000123413e+03
1.551624910000123464e+03
1.551625160000123515e+03
1.551625410000123566e+03
1.551625660000123617e+03
1.551625910000123667e+03
1.551626160000123718e+03
1.551626410000123769e+03
1.551626660000123820e+03
1.551626910000123871e+03
1.551627160000123922e+03
1.551627410000123973e+03
1.551627660000124024e+03
1.551627910000124075e+03
1.551628160000124126e+03
1.551628410000124177e+03
1.551628660000124228e+03
1.551628910000124279e+03
1.551629160000124330e+03
1.551629410000124381e+03
1.551629660000124431e+03
1.551629910000124482e+03
1.551630160000124533e+03
1.551630410000124584e+03
1.551630660000124635e+03
1.551630910000124686e+03
1.551631160000124737e+03
1.551631410000124788e+03
1.551631660000124839e+03
1.551631910000124890e+03
1.551632160000124941e+03
1.551632410000124992e+03
1.551632660000125043e+03
1.551632910000125094e+03
1.551633160000125145e+03
1.551633410000125195e+03
1.551633660000125246e+03
1.551633910000125297e+03
1.551634160000125348e+03
1.551634410000125399e+03
1.551634660000125450e+03
1.551634910000125501e+03
1.551635160000125552e+03
1.551635410000125603e+03
1.551635660000125654e+03
1.551635910000125705e+03
1.551636160000125756e+03
1.551636410000125807e+03
1.551636660000125858e+03
1.551636910000125908e+03
1.551637160000125959e+03
1.551637410000126010e+03
1.551637660000126061e+03
1.551637910000126112e+03
1.551638160000126163e+03
1.551638410000126214e+03
1.551638660000126265e+03
1.551638910000126316e+03
1.551639160000126367e+03
1.551639410000126418e+03
1.551639660000126469e+03
1.551639910000126520e+03
1.551640160000126571e+03
1.551640410000126622e+03
1.551640660000126672e+03
1.551640910000126723e+03
1.551641160000126774e+03
1.551641410000126825e+03
1.551641660000126876e+03
1.551641910000126927e+03
1.551642160000126978e+03
1.551642410000127029e+03
1.551642660000127080e+03
1.551642910000127131e+03
1.551643160000127182e+03
1.551643410000127233e+03
1.551643660000127284e+03
1.551643910000127335e+03
1.551644160000127386e+03
1.551644410000127436e+03
1.551644660000127487e+03
1.551644910000127538e+03
1.551645160000127589e+03
1.551645410000127640e+03
1.551645660000127691e+03
1.551645910000127742e+03
1.551646160000127793e+03
1.551646410000127844e+03
1.551646660000127895e+03
1.551646910000127946e+03
1.551647160000127997e+03
1.551647410000128048e+03
1.551647660000128099e+03
1.551647910000128149e+03
1.551648160000128200e+03
1.551648410000128251e+03
1.551648660000128302e+03
1.551648910000128353e+03
1.551649160000128404e+03
1.551649410000128455e+03
1.551649660000128506e+03
1.551649910000128557e+03
1.551650160000128608e+03
1.551650410000128659e+03
1.551650660000128710e+03
1.551650910000128761e+03
1.551651160000128812e+03
1.551651410000128863e+03
1.551651660000128913e+03
1.551651910000128964e+03
1.551652160000129015e+03
1.551652410000129066e+03
1.551652660000129117e+03
1.551652910000129168e+03
1.551653160000129219e+03
1.551653410000129270e+03
1.551653660000129321e+03
1.551653910000129372e+03
1.551654160000129423e+03
1.551654410000129474e+03
1.551654660000129525e+03
1.551654910000129576e+03
1.551655160000129626e+03
1.551655410000129677e+03
1.551655660000129728e+03
1.551655910000129779e+03
1.551656160000129830e+03
1.551656410000129881e+03
1.551656660000129932e+03
1.551656910000129983e+03
1.551657160000130034e+03
1.551657410000130085e+03
1.551657660000130136e+03
1.551657910000130187e+03
1.551658160000130238e+03
1.551658410000130289e+03
1.551658660000130340e+03
1.551658910000130390e+03
1.551659160000130441e+03
1.551659410000130492e+03
1.551659660000130543e+03
1.551659910000130594e+03
1.551660160000130645e+03
1.551660410000130696e+03
1.551660660000130747e+03
1.551660910000130798e+03
1.551661160000130849e+03
1.551661410000130900e+03
1.551661660000130951e+03
1.551661910000131002e+03
1.551662160000131053e+03
1.551662410000131104e+03
1.551662660000131154e+03
1.551662910000131205e+03
1.551663160000131256e+03
1.551663410000131307e+03
1.551663660000131358e+03
1.551663910000131409e+03
1.551664160000131460e+03
1.551664410000131511e+03
1.551664660000131562e+03
1.551664910000131613e+03
1.551665160000131664e+03
1.551665410000131715e+03
1.551665660000131766e+03
1.551665910000131817e+03
1.551666160000131867e+03
1.551666410000131918e+03
1.551666660000131969e+03
1.551666910000132020e+03
1.551667160000132071e+03
1.551667410000132122e+03
1.551667660000132173e+03
1.551667910000132224e+03
1.551668160000132275e+03
1.551668410000132326e+03
1.551668660000132377e+03
1.551668910000132428e+03
1.551669160000132479e+03
1.551669410000132530e+03
1.551669660000132581e+03
1.551669910000132631e+03
1.551670160000132682e+03
1.551670410000132733e+03
1.551670660000132784e+03
1.551670910000132835e+03
1.551671160000132886e+03
1.551671410000132937e+03
1.551671660000132988e+03
1.551671910000133039e+03
1.551672160000133090e+03
1.551672410000133141e+03
1.551672660000133192e+03
1.551672910000133243e+03
1.551673160000133294e+03
1.551673410000133345e+03
1.551673660000133395e+03
1.551673910000133446e+03
1.551674160000133497e+03
1.551674410000133548e+03
1.551674660000133599e+03
1.551674910000133650e+03
1.551675160000133701e+03
1.551675410000133752e+03
1.551675660000133803e+03
1.551675910000133854e+03
1.551676160000133905e+03
1.551676410000133956e+03
1.551676660000134007e+03
1.551676910000134058e+03
1.551677160000134108e+03
1.551677410000134159e+03
1.551677660000134210e+03
1.551677910000134261e+03
1.551678160000134312e+03
1.551678410000134363e+03
1.551678660000134414e+03
1.551678910000134465e+03
1.551679160000134516e+03
1.551679410000134567e+03
1.551679660000134618e+03
1.551679910000134669e+03
1.551680160000134720e+03
1.551680410000134771e+03
1.551680660000134822e+03
1.551680910000134872e+03
1.551681160000134923e+03
1.551681410000134974e+03
1.551681660000135025e+03
1.551681910000135076e+03
1.551682160000135127e+03
1.551682410000135178e+03
1.551682660000135229e+03
1.551682910000135280e+03
1.551683160000135331e+03
1.551683410000135382e+03
1.551683660000135433e+03
1.551683910000135484e+03
1.551684160000135535e+03
1.551684410000135586e+03
1.551684660000135636e+03
1.551684910000135687e+03
1.551685160000135738e+03
1.551685410000135789e+03
1.551685660000135840e+03
1.551685910000135891e+03
1.551686160000135942e+03
1.551686410000135993e+03
1.551686660000136044e+03
1.551686910000136095e+03
1.551687160000136146e+03
1.551687410000136197e+03
1.551687660000136248e+03
1.551687910000136299e+03
1.551688160000136349e+03
1.551688410000136400e+03
1.551688660000136451e+03
1.551688910000136502e+03
1.551689160000136553e+03
1.551689410000136604e+03
1.551689660000136655e+03
1.551689910000136706e+03
1.551690160000136757e+03
1.551690410000136808e+03
1.551690660000136859e+03
1.551690910000136910e+03
1.551691160000136961e+03
1.551691410000137012e+03
1.551691660000137063e+03
1.551691910000137113e+03
1.551692160000137164e+03
1.551692410000137215e+03
1.551692660000137266e+03
1.551692910000137317e+03
1.551693160000137368e+03
1.551693410000137419e+03
1.551693660000137470e+03
1.551693910000137521e+03
1.551694160000137572e+03
1.551694410000137623e+03
1.551694660000137674e+03
1.551694910000137725e+03
1.551695160000137776e+03
1.551695410000137827e+03
1.551695660000137877e+03
1.551695910000137928e+03
1.551696160000137979e+03
1.551696410000138030e+03
1.551696660000138081e+03
1.551696910000138132e+03
1.551697160000138183e+03
1.551697410000138234e+03
1.551697660000138285e+03
1.551697910000138336e+03
1.551698160000138387e+03
1.551698410000138438e+03
1.551698660000138489e+03
1.551698910000138540e+03
1.551699160000138590e+03
1.551699410000138641e+03
1.551699660000138692e+03
1.551699910000138743e+03
1.551700160000138794e+03
1.551700410000138845e+03
